initSkel called for 'Krang'...: numNodes: 24
node 0 => mass: 81.856000, new mMass: 81.856000
node 1 => mass: 4.660000, new mMass: 86.516000
node 2 => mass: 4.660000, new mMass: 91.176000
node 3 => mass: 10.302000, new mMass: 101.478000
node 4 => mass: 10.170000, new mMass: 111.648000
node 5 => mass: 0.705000, new mMass: 112.353000
node 6 => mass: 3.836000, new mMass: 116.189000
node 7 => mass: 3.836000, new mMass: 120.025000
node 8 => mass: 2.385000, new mMass: 122.410000
node 9 => mass: 2.385000, new mMass: 124.795000
node 10 => mass: 2.306000, new mMass: 127.101000
node 11 => mass: 2.306000, new mMass: 129.407000
node 12 => mass: 1.477000, new mMass: 130.884000
node 13 => mass: 1.477000, new mMass: 132.361000
node 14 => mass: 1.369000, new mMass: 133.730000
node 15 => mass: 1.369000, new mMass: 135.099000
node 16 => mass: 1.470000, new mMass: 136.569000
node 17 => mass: 1.470000, new mMass: 138.039000
node 18 => mass: 2.300000, new mMass: 140.339000
node 19 => mass: 2.300000, new mMass: 142.639000
node 20 => mass: 0.000100, new mMass: 142.639100
node 21 => mass: 0.000100, new mMass: 142.639200
node 22 => mass: 0.000100, new mMass: 142.639300
node 23 => mass: 0.000100, new mMass: 142.639400
	mRobot->initSkel called
	robot->initSkel called
K_bal: 250 40  4 10  0  0
Press enter: 
imu : -57.1813
reading FT now
Transform : 
    -0.25101 -2.37306e-05     0.967984
   -0.936404    -0.253341    -0.242828
    0.245236    -0.967377    0.0635691

q in computeExternal:            0            0          0.3      -1.5708  5.86824e-17       2.5688            0            0      1.84783            0            0      1.10193            0    -0.588996            0 -1.00435e-05            0       -1.339            0  1.13826e-05            0    -0.959045            0 -7.33038e-05            0
raw:   -41.413  -19.0927  -17.0231  -1.35573  -2.29719 -0.781784

expectedFT:  -23.4454    5.8815   -1.5397 -0.522899  -2.13354 -0.187564

offset:  17.9675  24.9742  15.4834 0.832833 0.163659 0.594221

Transform : 
  -0.248835 0.000945222    0.968545
   0.937634   -0.250391    0.241138
   0.242743    0.968144     0.06142

q in computeExternal:            0            0          0.3      -1.5708  5.86824e-17       2.5688            0            0      1.84783            0            0      1.10193     -1.10187    -0.588996     0.588996 -1.00435e-05            0       -1.339      1.33897  1.13826e-05  0.000825237    -0.959045      0.95896 -7.33038e-05   0.00074351
raw: -32.7548 -10.2133 -27.8924 0.255485 -1.45535 0.807536

expectedFT:   -23.459  -5.84058  -1.48765  0.543394  -2.13477 -0.187672

offset:   9.29581   4.37275   26.4047  0.287909 -0.679423 -0.995209

0.000000	0.000000	0.000000	-0.007692	-0.000000	0.033575	0.000000	0.033575	0.000035
0.000000	0.000000	8.984197	0.000000	-0.000000	0.033937	0.000000	0.033937	0.052411
0.000000	0.000000	7.966374	0.000000	0.030769	0.033391	0.000000	0.033391	0.106482
0.000000	0.000000	7.852746	-0.007692	-0.007692	0.033129	0.000000	0.033129	0.154794
0.000000	0.000000	8.247302	-0.030769	0.023077	0.033190	0.000000	0.033190	0.204640
0.000000	0.000000	8.110536	-0.015385	0.015385	0.032844	0.000000	0.032844	0.252608
0.000000	0.000000	7.515057	0.000000	0.007692	0.032374	0.000000	0.032374	0.301817
0.000000	0.000000	7.682998	-0.023077	-0.000000	0.031921	0.000000	0.031921	0.350304
0.000000	0.000000	7.605852	0.000000	0.015385	0.031643	0.000000	0.031643	0.406751
0.000000	0.000000	7.517902	0.015385	0.053846	0.031514	0.000000	0.031514	0.456687
0.000000	0.000000	7.728726	0.023077	0.023077	0.031277	0.000000	0.031277	0.507084
0.000000	0.000000	7.108326	-0.007692	0.015385	0.030819	0.000000	0.030819	0.557227
0.000000	0.000000	7.780004	0.000000	0.030769	0.030678	0.000000	0.030678	0.606985
0.000000	0.000000	7.106215	-0.015385	-0.023077	0.030066	0.000000	0.030066	0.655025
0.000000	0.000000	6.827692	-0.023077	-0.015385	0.029916	0.000000	0.029916	0.706703
0.000000	0.000000	7.147301	-0.015385	0.023077	0.029887	0.000000	0.029887	0.754614
0.000000	0.000000	7.006088	0.000000	-0.000000	0.029327	0.000000	0.029327	0.803822
0.000000	0.000000	6.998556	0.000000	-0.015385	0.029072	0.000000	0.029072	0.851967
0.000000	0.000000	6.549483	0.015385	0.015385	0.028372	0.000000	0.028372	0.901715
0.000000	0.000000	7.127675	0.007692	0.023077	0.028660	0.000000	0.028660	0.955091
0.000000	0.000000	7.025052	-0.023077	0.030769	0.028766	0.000000	0.028766	1.004219
0.000000	0.000000	7.086142	0.000000	0.007692	0.028855	0.000000	0.028855	1.051954
0.000000	0.000000	7.233515	0.000000	-0.015385	0.028882	0.000000	0.028882	1.101205
0.000000	0.000000	7.609187	0.015385	0.023077	0.029126	0.000000	0.029126	1.149736
0.000000	0.000000	7.181530	-0.015385	-0.015385	0.028996	0.000000	0.028996	1.199360
0.000000	0.000000	6.677131	0.007692	-0.007692	0.028641	0.000000	0.028641	1.249094
0.000000	0.000000	6.535774	-0.007692	-0.000000	0.028318	0.000000	0.028318	1.299831
0.000000	0.000000	6.918958	-0.023077	0.030769	0.028868	0.000000	0.028868	1.349180
0.000000	0.000000	6.840259	0.015385	-0.015385	0.028506	0.000000	0.028506	1.399886
0.000000	0.000000	7.463292	-0.023077	0.023077	0.028955	0.000000	0.028955	1.449511
0.000000	0.000000	7.029610	-0.015385	0.038462	0.028790	0.000000	0.028790	1.498088
0.000000	0.000000	7.453377	0.007692	-0.007692	0.029043	0.000000	0.029043	1.546822
0.000000	0.000000	6.813138	0.000000	-0.015385	0.028870	0.000000	0.028870	1.596327
0.000000	0.000000	7.107447	0.015385	-0.007692	0.028674	0.000000	0.028674	1.645150
0.000000	0.000000	7.165600	0.023077	0.007692	0.028894	0.000000	0.028894	1.693829
0.000000	0.000000	6.589102	-0.015385	0.023077	0.028633	0.000000	0.028633	1.744720
0.000000	0.000000	7.716091	0.000000	-0.015385	0.029772	0.000000	0.029772	1.794435
0.000000	0.000000	7.588337	-0.015385	-0.023077	0.029900	0.000000	0.029900	1.845453
0.000000	0.000000	7.257613	-0.015385	-0.000000	0.029764	0.000000	0.029764	1.893833
0.000000	0.000000	7.025351	-0.038462	-0.000000	0.029396	0.000000	0.029396	1.987179
0.000000	0.000000	7.198094	-0.007692	0.015385	0.029160	0.000000	0.029160	2.059091
0.000000	0.000000	7.173851	0.000000	-0.015385	0.030001	0.000000	0.030001	2.109661
0.000000	0.000000	7.631283	-0.023077	0.023077	0.030215	0.000000	0.030215	2.159863
0.000000	0.000000	7.480506	0.000000	0.038462	0.030342	0.000000	0.030342	2.210303
0.000000	0.000000	7.705634	-0.007692	-0.000000	0.030133	0.000000	0.030133	2.260432
0.000000	0.000000	7.175625	0.007692	0.007692	0.030064	0.000000	0.030064	2.309522
0.000000	0.000000	6.470388	-0.023077	0.007692	0.029489	0.000000	0.029489	2.358578
0.000000	0.000000	6.718314	0.007692	0.030769	0.029401	0.000000	0.029401	2.408511
0.000000	0.000000	6.872888	-0.023077	-0.015385	0.029433	0.000000	0.029433	2.456942
0.000000	0.000000	6.637566	-0.023077	-0.038462	0.028845	0.000000	0.028845	2.506165
0.000000	0.000000	7.262204	0.007692	-0.000000	0.028509	0.000000	0.028509	2.554348
0.000000	0.000000	6.125317	0.000000	-0.000000	0.028374	0.000000	0.028374	2.605222
0.000000	0.000000	6.858203	-0.015385	0.015385	0.027867	0.000000	0.027867	2.657994
0.000000	0.000000	6.380029	-0.007692	-0.000000	0.027580	0.000000	0.027580	2.707686
0.000000	0.000000	6.559584	0.007692	0.015385	0.027324	0.000000	0.027324	2.755204
0.000000	0.000000	6.701834	-0.007692	0.030769	0.027451	0.000000	0.027451	2.803297
0.000000	0.000000	7.417653	-0.007692	0.007692	0.027787	0.000000	0.027787	2.851742
0.000000	0.000000	6.661701	0.007692	0.038462	0.027852	0.000000	0.027852	2.901555
0.000000	0.000000	6.152120	-0.015385	-0.007692	0.027392	0.000000	0.027392	2.952577
0.000000	0.000000	6.754868	0.007692	0.015385	0.027746	0.000000	0.027746	3.002513
0.000000	0.000000	6.456225	-0.023077	0.007692	0.027543	0.000000	0.027543	3.052199
0.000000	0.000000	6.745504	0.007692	0.023077	0.027548	0.000000	0.027548	3.104086
0.000000	0.000000	6.208853	0.015385	-0.000000	0.027708	0.000000	0.027708	3.155190
0.000000	0.000000	7.350744	0.000000	0.023077	0.027748	0.000000	0.027748	3.203657
0.000000	0.000000	6.649185	-0.023077	-0.000000	0.027182	0.000000	0.027182	3.253023
0.000000	0.000000	6.648538	-0.007692	0.007692	0.027235	0.000000	0.027235	3.302307
0.000000	0.000000	6.320611	-0.007692	0.007692	0.027291	0.000000	0.027291	3.351042
0.000000	0.000000	6.518517	-0.015385	-0.000000	0.027675	0.000000	0.027675	3.400558
0.000000	0.000000	6.855946	0.007692	0.046154	0.027582	0.000000	0.027582	3.450499
0.000000	0.000000	6.586015	-0.007692	0.038462	0.027515	0.000000	0.027515	3.500282
0.000000	0.000000	6.842541	0.007692	0.023077	0.027492	0.000000	0.027492	3.551726
0.000000	0.000000	6.962449	0.000000	-0.015385	0.027891	0.000000	0.027891	3.600193
0.000000	0.000000	6.555798	-0.023077	0.015385	0.027621	0.000000	0.027621	3.649062
0.000000	0.000000	6.419471	-0.023077	0.007692	0.027193	0.000000	0.027193	3.698268
0.000000	0.000000	6.131301	-0.015385	-0.007692	0.026554	0.000000	0.026554	3.747440
0.000000	0.000000	6.105650	0.015385	-0.015385	0.026127	0.000000	0.026127	3.795808
0.000000	0.000000	6.091787	0.015385	0.015385	0.026285	0.000000	0.026285	3.846228
0.000000	0.000000	6.620966	0.000000	0.038462	0.026433	0.000000	0.026433	3.896886
0.000000	0.000000	6.770404	-0.007692	0.015385	0.026601	0.000000	0.026601	3.948738
0.000000	0.000000	7.035855	0.007692	-0.000000	0.027149	0.000000	0.027149	3.997235
0.000000	0.000000	6.607725	-0.007692	0.007692	0.027374	0.000000	0.027374	4.045807
0.000000	0.000000	7.185239	-0.023077	0.007692	0.027706	0.000000	0.027706	4.094029
0.000000	0.000000	6.853460	-0.007692	0.015385	0.028098	0.000000	0.028098	4.145048
0.000000	0.000000	6.948789	-0.007692	-0.007692	0.027834	0.000000	0.027834	4.194629
0.000000	0.000000	7.295541	0.023077	0.030769	0.028141	0.000000	0.028141	4.243967
0.000000	0.000000	6.572989	-0.023077	0.038462	0.028116	0.000000	0.028116	4.292692
0.000000	0.000000	6.868235	0.000000	-0.007692	0.028499	0.000000	0.028499	4.343329
0.000000	0.000000	6.663801	0.000000	-0.000000	0.028206	0.000000	0.028206	4.392550
0.000000	0.000000	7.373489	-0.015385	0.023077	0.028228	0.000000	0.028228	4.443559
0.000000	0.000000	6.964193	0.007692	-0.000000	0.028001	0.000000	0.028001	4.490924
0.000000	0.000000	6.424333	-0.038462	-0.000000	0.027099	0.000000	0.027099	4.540557
0.000000	0.000000	5.989355	-0.007692	-0.000000	0.026990	0.000000	0.026990	4.588330
0.000000	0.000000	6.453160	0.007692	-0.000000	0.027077	0.000000	0.027077	4.638250
0.000000	0.000000	6.309557	-0.007692	-0.000000	0.027096	0.000000	0.027096	4.687278
0.000000	0.000000	6.979869	-0.007692	0.023077	0.027480	0.000000	0.027480	4.740641
0.000000	0.000000	6.542697	0.007692	0.007692	0.027602	0.000000	0.027602	4.790880
0.000000	0.000000	7.147306	-0.023077	-0.007692	0.027766	0.000000	0.027766	4.840680
0.000000	0.000000	7.087339	-0.007692	-0.007692	0.027658	0.000000	0.027658	4.887629
0.000000	0.000000	7.132607	-0.038462	-0.000000	0.028053	0.000000	0.028053	4.938769
0.000000	0.000000	7.270807	-0.023077	0.007692	0.028135	0.000000	0.028135	4.987111
0.000000	0.000000	7.131261	0.000000	-0.015385	0.028170	0.000000	0.028170	5.036535
0.000000	0.000000	6.383042	0.000000	0.015385	0.027369	0.000000	0.027369	5.085945
0.000000	0.000000	6.794929	0.000000	-0.000000	0.028069	0.000000	0.028069	5.136359
0.000000	0.000000	6.940872	-0.015385	0.007692	0.028124	0.000000	0.028124	5.186278
0.000000	0.000000	7.166051	-0.007692	0.030769	0.028250	0.000000	0.028250	5.237896
0.000000	0.000000	6.751804	0.000000	0.030769	0.028418	0.000000	0.028418	5.285366
0.000000	0.000000	6.969197	0.007692	0.038462	0.027982	0.000000	0.027982	5.334756
0.000000	0.000000	6.566967	-0.015385	0.023077	0.027369	0.000000	0.027369	5.383648
0.000000	0.000000	6.523085	0.007692	0.007692	0.027435	0.000000	0.027435	5.433661
0.000000	0.000000	6.604658	0.015385	-0.023077	0.026969	0.000000	0.026969	5.482638
0.000000	0.000000	6.498195	-0.015385	0.030769	0.026726	0.000000	0.026726	5.532053
0.000000	0.000000	5.959261	-0.023077	0.030769	0.026255	0.000000	0.026255	5.580858
0.000000	0.000000	6.272422	0.000000	0.015385	0.026226	0.000000	0.026226	5.633876
0.000000	0.000000	6.510883	0.015385	-0.007692	0.026171	0.000000	0.026171	5.682712
0.000000	0.000000	6.537270	-0.007692	0.046154	0.026441	0.000000	0.026441	5.732833
0.000000	0.000000	7.061142	-0.007692	0.007692	0.027364	0.000000	0.027364	5.780225
0.000000	0.000000	7.439422	0.015385	-0.000000	0.027851	0.000000	0.027851	5.830233
0.000000	0.000000	7.558313	-0.015385	0.015385	0.028538	0.000000	0.028538	5.877557
0.000000	0.000000	8.900239	-0.030769	-0.000000	0.030314	0.000000	0.030314	5.927295
0.000000	0.000000	9.622944	0.007692	-0.000000	0.032403	0.000000	0.032403	5.977345
0.000000	0.000000	10.070003	0.000000	-0.000000	0.034783	0.000000	0.034783	6.028689
0.000000	0.000000	10.887931	0.015385	-0.015385	0.037741	0.000000	0.037741	6.078190
0.000000	0.000000	12.298081	0.007692	-0.015385	0.041348	0.000000	0.041348	6.127945
0.000000	0.000000	13.346985	0.000000	-0.007692	0.045078	0.000000	0.045078	6.174413
0.000000	0.000000	14.199855	-0.007692	-0.007692	0.048862	0.000000	0.048862	6.225488
0.000000	0.000000	15.214206	-0.015385	-0.015385	0.053025	0.000000	0.053025	6.273938
0.000000	0.000000	16.520457	0.000000	-0.030769	0.057015	0.000000	0.057015	6.324057
0.000000	0.000000	17.542318	0.046154	-0.046154	0.061443	0.000000	0.061443	6.371799
0.000000	0.000000	19.505253	-0.007692	-0.007692	0.067108	0.000000	0.067108	6.422441
0.000000	0.000000	20.959857	-0.015385	0.007692	0.072663	0.000000	0.072663	6.472146
0.000000	0.000000	22.455715	-0.023077	-0.007692	0.081698	0.000000	0.081698	6.548823
0.000000	0.000000	25.312223	0.000000	-0.000000	0.087041	0.000000	0.087041	6.597122
0.000000	0.000000	26.601177	-0.007692	0.030769	0.093295	0.000000	0.093295	6.647113
0.000000	0.000000	27.898108	0.023077	-0.023077	0.098402	0.000000	0.098402	6.696270
0.000000	0.000000	29.030568	-0.023077	0.038462	0.101919	0.000000	0.101919	6.746957
0.000000	0.000000	28.076157	0.023077	0.007692	0.103945	0.000000	0.103945	6.794858
0.000000	0.000000	27.390688	-0.015385	0.038462	0.105014	0.000000	0.105014	6.845340
0.000000	0.000000	25.391316	0.015385	-0.007692	0.104714	0.000000	0.104714	6.895701
0.000000	0.000000	24.953833	-0.007692	-0.007692	0.101922	0.000000	0.101922	6.996061
0.000000	0.000000	21.967975	0.000000	-0.000000	0.098882	0.000000	0.098882	7.055543
0.000000	0.000000	20.855330	-0.015385	-0.000000	0.095745	0.000000	0.095745	7.105344
0.000000	0.000000	19.509173	0.015385	-0.007692	0.091778	0.000000	0.091778	7.154439
0.000000	0.000000	17.704428	-0.023077	0.007692	0.086594	0.000000	0.086594	7.203284
0.000000	0.000000	17.111829	0.000000	0.023077	0.081480	0.000000	0.081480	7.253337
