initSkel called for 'Krang'...: numNodes: 24
node 0 => mass: 81.856000, new mMass: 81.856000
node 1 => mass: 4.660000, new mMass: 86.516000
node 2 => mass: 4.660000, new mMass: 91.176000
node 3 => mass: 10.302000, new mMass: 101.478000
node 4 => mass: 10.170000, new mMass: 111.648000
node 5 => mass: 0.705000, new mMass: 112.353000
node 6 => mass: 3.836000, new mMass: 116.189000
node 7 => mass: 3.836000, new mMass: 120.025000
node 8 => mass: 2.385000, new mMass: 122.410000
node 9 => mass: 2.385000, new mMass: 124.795000
node 10 => mass: 2.306000, new mMass: 127.101000
node 11 => mass: 2.306000, new mMass: 129.407000
node 12 => mass: 1.477000, new mMass: 130.884000
node 13 => mass: 1.477000, new mMass: 132.361000
node 14 => mass: 1.369000, new mMass: 133.730000
node 15 => mass: 1.369000, new mMass: 135.099000
node 16 => mass: 1.470000, new mMass: 136.569000
node 17 => mass: 1.470000, new mMass: 138.039000
node 18 => mass: 2.300000, new mMass: 140.339000
node 19 => mass: 2.300000, new mMass: 142.639000
node 20 => mass: 0.000100, new mMass: 142.639100
node 21 => mass: 0.000100, new mMass: 142.639200
node 22 => mass: 0.000100, new mMass: 142.639300
node 23 => mass: 0.000100, new mMass: 142.639400
	mRobot->initSkel called
	robot->initSkel called
K_bal: 250 40  4 10  0  0
Press enter: 
imu : -71.5286
reading FT now
Transform : 
   -0.144214 -0.000205492     0.989547
    -0.95727    -0.253293    -0.139562
    0.250674     -0.96739    0.0363316

q in computeExternal:            0            0          0.3      -1.5708  5.86824e-17      2.81921            0            0      2.20713            0            0      1.10199            0    -0.588996            0 -0.000241043            0     -1.33901            0 -4.55303e-05            0    -0.959085            0 -7.33038e-05            0
raw:  -38.6103  -22.1134  -17.4004  -1.15322  -2.43288 -0.793346

expectedFT:  -23.9677   3.38032 -0.879984  -0.30057  -2.18106 -0.191742

offset:  14.6426  25.4937  16.5204  0.85265 0.251821 0.601604

Transform : 
-0.140986 9.413e-05  0.990012
 0.958492 -0.250308  0.136522
 0.247821  0.968166 0.0351998

q in computeExternal:            0            0          0.3      -1.5708  5.86824e-17      2.81921            0            0      2.20713            0            0      1.10199     -1.10198    -0.588996     0.588996 -0.000241043  0.000140608     -1.33901        1.339 -4.55303e-05  6.82955e-05    -0.959085     0.959017 -7.33038e-05 -0.000136136
raw:  -32.9423  -7.67387  -27.2831 -0.018027  -1.39741  0.902592

expectedFT:   -23.979  -3.30667  -0.85257  0.307728  -2.18209 -0.191832

offset:   8.96336   4.36719   26.4305  0.325755 -0.784671  -1.09442

0.000000	0.000000	0.000000	0.000000	0.007692	-0.017037	0.000000	-0.017037	0.000035
0.000000	0.000000	-7.755211	0.015385	-0.007692	-0.016309	0.000000	-0.016309	0.073442
0.000000	0.000000	-2.730126	0.000000	-0.007692	-0.010869	0.000000	-0.010869	0.144182
0.000000	0.000000	-2.710568	0.015385	-0.023077	-0.006736	0.000000	-0.006736	0.214636
0.000000	0.000000	-2.311340	0.015385	0.030769	-0.004106	0.000000	-0.004106	0.285661
0.000000	0.000000	-3.477928	-0.023077	0.007692	-0.004009	0.000000	-0.004009	0.351153
0.000000	0.000000	-3.936724	-0.023077	0.007692	-0.005408	0.000000	-0.005408	0.419519
0.000000	0.000000	-6.272380	-0.015385	-0.053846	-0.008668	0.000000	-0.008668	0.489376
0.000000	0.000000	-6.542839	-0.015385	-0.007692	-0.011380	0.000000	-0.011380	0.559498
0.000000	0.000000	-6.650085	0.007692	-0.015385	-0.013552	0.000000	-0.013552	0.629184
0.000000	0.000000	-6.862482	-0.007692	-0.015385	-0.015526	0.000000	-0.015526	0.699456
0.000000	0.000000	-7.288373	0.000000	0.015385	-0.017431	0.000000	-0.017431	0.773157
0.000000	0.000000	-7.432520	0.000000	-0.000000	-0.019088	0.000000	-0.019088	0.844371
0.000000	0.000000	-7.950334	-0.023077	0.007692	-0.021639	0.000000	-0.021639	0.912615
0.000000	0.000000	-8.379007	-0.015385	0.030769	-0.023354	0.000000	-0.023354	0.992323
0.000000	0.000000	-8.000255	0.007692	-0.007692	-0.024117	0.000000	-0.024117	1.089630
0.000000	0.000000	-7.087843	0.000000	0.030769	-0.023850	0.000000	-0.023850	1.162226
0.000000	0.000000	-6.482649	0.000000	0.023077	-0.022353	0.000000	-0.022353	1.232316
0.000000	0.000000	-5.346206	0.000000	0.007692	-0.020773	0.000000	-0.020773	1.299912
0.000000	0.000000	-4.896167	0.000000	-0.000000	-0.019329	0.000000	-0.019329	1.370437
0.000000	0.000000	-3.678479	-0.015385	-0.007692	-0.015239	0.000000	-0.015239	1.440661
0.000000	0.000000	-1.520619	0.000000	0.007692	-0.010207	0.000000	-0.010207	1.510515
0.000000	0.000000	-0.698794	0.007692	-0.000000	-0.005656	0.000000	-0.005656	1.584268
0.000000	0.000000	0.201839	0.007692	0.015385	-0.000210	0.000000	-0.000210	1.654652
0.000000	0.000000	1.344755	0.007692	0.007692	0.003612	0.000000	0.003612	1.721153
0.000000	0.000000	1.229243	-0.007692	0.007692	0.005150	0.000000	0.005150	1.791720
0.000000	0.000000	1.211198	-0.007692	-0.000000	0.005917	0.000000	0.005917	1.863357
0.000000	0.000000	0.916729	0.030769	-0.015385	0.006468	0.000000	0.006468	1.932417
0.000000	0.000000	0.525986	-0.007692	-0.000000	0.006420	0.000000	0.006420	2.007583
0.000000	0.000000	1.322208	-0.023077	0.007692	0.007021	0.000000	0.007021	2.078992
0.000000	0.000000	0.578639	-0.007692	-0.007692	0.007188	0.000000	0.007188	2.148152
0.000000	0.000000	0.850127	0.007692	0.038462	0.007801	0.000000	0.007801	2.217547
0.000000	0.000000	0.592956	-0.030769	0.023077	0.007915	0.000000	0.007915	2.285276
0.000000	0.000000	1.155052	-0.038462	0.030769	0.008731	0.000000	0.008731	2.357091
0.000000	0.000000	1.143046	-0.015385	-0.007692	0.008097	0.000000	0.008097	2.427660
0.000000	0.000000	0.128502	0.000000	-0.007692	0.007134	0.000000	0.007134	2.494565
0.000000	0.000000	-0.741793	0.023077	0.030769	0.005561	0.000000	0.005561	2.563920
0.000000	0.000000	-1.360426	-0.007692	-0.030769	0.002783	0.000000	0.002783	2.631762
0.000000	0.000000	-2.819532	-0.007692	-0.015385	-0.000812	0.000000	-0.000812	2.700977
0.000000	0.000000	-2.761181	0.015385	-0.007692	-0.003406	0.000000	-0.003406	2.770636
0.000000	0.000000	-4.090703	0.015385	-0.015385	-0.007859	0.000000	-0.007859	2.843817
0.000000	0.000000	-4.626368	-0.015385	-0.030769	-0.011115	0.000000	-0.011115	2.915750
0.000000	0.000000	-6.221668	-0.015385	0.007692	-0.014860	0.000000	-0.014860	2.982101
0.000000	0.000000	-6.926000	0.007692	-0.015385	-0.018378	0.000000	-0.018378	3.052291
0.000000	0.000000	-7.438127	-0.007692	0.038462	-0.020366	0.000000	-0.020366	3.122123
0.000000	0.000000	-7.028872	0.007692	0.023077	-0.020434	0.000000	-0.020434	3.265169
0.000000	0.000000	-5.901144	0.030769	0.023077	-0.018678	0.000000	-0.018678	3.358169
0.000000	0.000000	-5.470539	0.007692	0.007692	-0.015642	0.000000	-0.015642	3.422101
0.000000	0.000000	-4.113338	0.015385	-0.007692	-0.013504	0.000000	-0.013504	3.490953
0.000000	0.000000	-3.204049	0.015385	-0.007692	-0.009034	0.000000	-0.009034	3.561520
0.000000	0.000000	-1.755711	-0.023077	0.007692	-0.004925	0.000000	-0.004925	3.631658
0.000000	0.000000	-0.543092	-0.007692	-0.007692	-0.000672	0.000000	-0.000672	3.706141
0.000000	0.000000	0.770551	0.007692	-0.023077	0.003425	0.000000	0.003425	3.775018
0.000000	0.000000	1.050682	0.015385	0.007692	0.008471	0.000000	0.008471	3.845581
0.000000	0.000000	1.782491	-0.015385	0.015385	0.012860	0.000000	0.012860	3.914918
0.000000	0.000000	2.703934	0.015385	0.015385	0.016758	0.000000	0.016758	3.984008
0.000000	0.000000	3.669928	0.015385	-0.023077	0.022520	0.000000	0.022520	4.056115
0.000000	0.000000	4.893063	-0.007692	0.030769	0.025981	0.000000	0.025981	4.128946
0.000000	0.000000	5.816253	0.000000	0.023077	0.028289	0.000000	0.028289	4.199744
0.000000	0.000000	5.786923	0.007692	0.007692	0.031641	0.000000	0.031641	4.269208
0.000000	0.000000	6.296490	0.038462	0.007692	0.031388	0.000000	0.031388	4.338975
0.000000	0.000000	5.604531	0.046154	-0.000000	0.028517	0.000000	0.028517	4.410686
0.000000	0.000000	3.343981	0.023077	0.030769	0.023847	0.000000	0.023847	4.483014
0.000000	0.000000	2.093721	-0.023077	0.023077	0.019414	0.000000	0.019414	4.556168
0.000000	0.000000	-1.060243	-0.015385	-0.015385	0.012781	0.000000	0.012781	4.626681
0.000000	0.000000	-1.938939	0.007692	-0.023077	0.007543	0.000000	0.007543	4.693973
0.000000	0.000000	-3.152360	0.007692	-0.000000	0.002750	0.000000	0.002750	4.763174
0.000000	0.000000	-4.006630	0.000000	0.046154	-0.001447	0.000000	-0.001447	4.832670
0.000000	0.000000	-5.496812	0.000000	0.046154	-0.006525	0.000000	-0.006525	4.901544
0.000000	0.000000	-5.939818	0.007692	-0.000000	-0.010876	0.000000	-0.010876	4.976287
0.000000	0.000000	-6.408897	-0.023077	0.015385	-0.013936	0.000000	-0.013936	5.042237
0.000000	0.000000	-6.646570	0.000000	0.015385	-0.016277	0.000000	-0.016277	5.104305
0.000000	0.000000	-6.415125	-0.015385	0.007692	-0.018352	0.000000	-0.018352	5.172317
0.000000	0.000000	-7.287878	0.015385	0.007692	-0.020124	0.000000	-0.020124	5.238966
0.000000	0.000000	-6.910333	-0.038462	-0.007692	-0.021020	0.000000	-0.021020	5.310148
0.000000	0.000000	-7.351036	0.007692	-0.000000	-0.021187	0.000000	-0.021187	5.380824
0.000000	0.000000	-6.451611	-0.046154	0.046154	-0.020814	0.000000	-0.020814	5.450093
0.000000	0.000000	-6.313153	-0.038462	-0.023077	-0.020125	0.000000	-0.020125	5.517161
0.000000	0.000000	-5.738064	-0.030769	-0.000000	-0.018557	0.000000	-0.018557	5.579459
0.000000	0.000000	-4.908391	0.000000	-0.038462	-0.017770	0.000000	-0.017770	5.649755
0.000000	0.000000	-3.370120	0.007692	-0.000000	-0.014811	0.000000	-0.014811	5.718460
0.000000	0.000000	-3.666122	-0.007692	-0.000000	-0.012888	0.000000	-0.012888	5.788846
0.000000	0.000000	-3.329850	-0.015385	0.015385	-0.011374	0.000000	-0.011374	5.863826
0.000000	0.000000	-3.444220	0.000000	-0.030769	-0.010141	0.000000	-0.010141	5.931212
0.000000	0.000000	-3.350049	0.000000	-0.000000	-0.008318	0.000000	-0.008318	6.000018
0.000000	0.000000	-3.068715	-0.007692	-0.030769	-0.007931	0.000000	-0.007931	6.072259
0.000000	0.000000	-2.957922	0.007692	0.007692	-0.007633	0.000000	-0.007633	6.140972
0.000000	0.000000	-3.447294	-0.061538	-0.000000	-0.007268	0.000000	-0.007268	6.213468
0.000000	0.000000	-2.531259	0.015385	-0.000000	-0.006332	0.000000	-0.006332	6.287722
0.000000	0.000000	-2.834646	0.000000	0.015385	-0.006168	0.000000	-0.006168	6.356373
0.000000	0.000000	-2.979972	0.015385	0.007692	-0.006928	0.000000	-0.006928	6.425976
0.000000	0.000000	-3.242196	-0.023077	0.023077	-0.007455	0.000000	-0.007455	6.493667
0.000000	0.000000	-3.133866	-0.015385	-0.000000	-0.007721	0.000000	-0.007721	6.565330
0.000000	0.000000	-3.335932	-0.007692	0.015385	-0.008403	0.000000	-0.008403	6.637217
0.000000	0.000000	-3.341558	0.000000	0.007692	-0.007783	0.000000	-0.007783	6.706927
0.000000	0.000000	-3.558023	-0.023077	0.023077	-0.008061	0.000000	-0.008061	6.778318
0.000000	0.000000	-3.488893	-0.038462	-0.015385	-0.008049	0.000000	-0.008049	6.848286
0.000000	0.000000	-3.941878	-0.015385	0.023077	-0.007696	0.000000	-0.007696	6.917663
0.000000	0.000000	-3.827735	0.000000	-0.000000	-0.008089	0.000000	-0.008089	6.988418
0.000000	0.000000	-3.143613	0.000000	-0.007692	-0.007476	0.000000	-0.007476	7.060202
0.000000	0.000000	-3.051127	-0.053846	-0.007692	-0.007236	0.000000	-0.007236	7.130989
0.000000	0.000000	-3.492367	-0.046154	0.015385	-0.006638	0.000000	-0.006638	7.201289
0.000000	0.000000	-3.356962	-0.015385	0.007692	-0.007659	0.000000	-0.007659	7.271968
0.000000	0.000000	-3.350038	0.000000	-0.015385	-0.006996	0.000000	-0.006996	7.340462
0.000000	0.000000	-2.318131	0.023077	-0.030769	-0.005245	0.000000	-0.005245	7.412110
0.000000	0.000000	-2.459172	0.000000	-0.000000	-0.005171	0.000000	-0.005171	7.485179
0.000000	0.000000	-1.692920	-0.030769	0.007692	-0.004294	0.000000	-0.004294	7.557144
0.000000	0.000000	-1.848407	0.000000	-0.000000	-0.002034	0.000000	-0.002034	7.626477
0.000000	0.000000	-1.606320	0.023077	-0.000000	-0.001076	0.000000	-0.001076	7.693775
0.000000	0.000000	-1.725169	-0.030769	-0.000000	-0.000661	0.000000	-0.000661	7.763865
0.000000	0.000000	-1.150649	-0.023077	-0.000000	-0.000620	0.000000	-0.000620	7.835168
0.000000	0.000000	-2.165788	0.023077	0.015385	-0.001346	0.000000	-0.001346	7.907605
0.000000	0.000000	-1.704192	-0.030769	-0.000000	-0.001614	0.000000	-0.001614	7.980241
0.000000	0.000000	-2.706628	-0.030769	0.023077	-0.001816	0.000000	-0.001816	8.051118
0.000000	0.000000	-2.162828	0.000000	-0.000000	-0.003141	0.000000	-0.003141	8.118925
0.000000	0.000000	-3.454388	-0.015385	0.015385	-0.007147	0.000000	-0.007147	8.252870
0.000000	0.000000	-3.824576	0.030769	0.023077	-0.015907	0.000000	-0.015907	8.339195
0.000000	0.000000	-5.567739	-0.015385	-0.023077	-0.021559	0.000000	-0.021559	8.414313
0.000000	0.000000	-7.754757	-0.038462	0.023077	-0.027013	0.000000	-0.027013	8.482617
0.000000	0.000000	-8.136087	0.000000	0.007692	-0.033729	0.000000	-0.033729	8.552331
0.000000	0.000000	-10.056182	-0.023077	-0.000000	-0.041938	0.000000	-0.041938	8.621107
0.000000	0.000000	-11.646654	-0.015385	0.023077	-0.046242	0.000000	-0.046242	8.688951
0.000000	0.000000	-12.029936	-0.038462	-0.023077	-0.051149	0.000000	-0.051149	8.758614
0.000000	0.000000	-14.631057	-0.007692	0.023077	-0.055273	0.000000	-0.055273	8.831492
0.000000	0.000000	-15.046361	0.000000	-0.000000	-0.056217	0.000000	-0.056217	8.898269
0.000000	0.000000	-16.065986	-0.015385	0.007692	-0.056635	0.000000	-0.056635	8.968557
0.000000	0.000000	-15.103203	0.000000	-0.030769	-0.055071	0.000000	-0.055071	9.038753
0.000000	0.000000	-14.102360	0.023077	-0.000000	-0.053109	0.000000	-0.053109	9.105732
0.000000	0.000000	-14.226988	-0.007692	-0.007692	-0.051130	0.000000	-0.051130	9.179569
0.000000	0.000000	-13.116250	0.000000	-0.015385	-0.049627	0.000000	-0.049627	9.254442
0.000000	0.000000	-12.996954	0.015385	-0.000000	-0.050701	0.000000	-0.050701	9.320581
0.000000	0.000000	-13.273881	-0.030769	-0.000000	-0.053008	0.000000	-0.053008	9.391257
0.000000	0.000000	-14.522533	0.015385	-0.007692	-0.055551	0.000000	-0.055551	9.462425
0.000000	0.000000	-15.311275	-0.007692	-0.007692	-0.057051	0.000000	-0.057051	9.531562
0.000000	0.000000	-15.766267	0.000000	0.015385	-0.058047	0.000000	-0.058047	9.601815
0.000000	0.000000	-15.913654	-0.023077	-0.015385	-0.057892	0.000000	-0.057892	9.675345
0.000000	0.000000	-15.345470	-0.015385	0.007692	-0.058201	0.000000	-0.058201	9.744332
0.000000	0.000000	-15.091475	0.015385	-0.015385	-0.059157	0.000000	-0.059157	9.814715
0.000000	0.000000	-14.961215	-0.007692	0.023077	-0.059047	0.000000	-0.059047	9.886990
0.000000	0.000000	-15.579307	0.015385	-0.007692	-0.058219	0.000000	-0.058219	9.954541
0.000000	0.000000	-14.230740	0.000000	0.015385	-0.057358	0.000000	-0.057358	10.025221
0.000000	0.000000	-14.294499	0.000000	-0.000000	-0.056506	0.000000	-0.056506	10.096072
0.000000	0.000000	-13.558003	-0.015385	-0.000000	-0.055933	0.000000	-0.055933	10.161155
0.000000	0.000000	-13.194327	0.007692	0.015385	-0.054445	0.000000	-0.054445	10.226065
0.000000	0.000000	-13.263276	0.000000	-0.007692	-0.053525	0.000000	-0.053525	10.297047
0.000000	0.000000	-13.657577	0.007692	-0.007692	-0.051987	0.000000	-0.051987	10.368017
0.000000	0.000000	-12.936676	0.015385	0.007692	-0.051411	0.000000	-0.051411	10.437369
0.000000	0.000000	-13.119451	0.023077	-0.000000	-0.050680	0.000000	-0.050680	10.512649
0.000000	0.000000	-12.847797	-0.007692	-0.015385	-0.050406	0.000000	-0.050406	10.582096
0.000000	0.000000	-12.963664	0.007692	-0.015385	-0.050706	0.000000	-0.050706	10.648273
0.000000	0.000000	-13.818890	-0.030769	0.023077	-0.050568	0.000000	-0.050568	10.719038
0.000000	0.000000	-12.839194	-0.007692	0.015385	-0.050644	0.000000	-0.050644	10.786050
0.000000	0.000000	-13.875421	0.007692	-0.000000	-0.051668	0.000000	-0.051668	10.859154
0.000000	0.000000	-14.053471	0.023077	0.007692	-0.052447	0.000000	-0.052447	10.934267
0.000000	0.000000	-14.503645	-0.007692	-0.000000	-0.054468	0.000000	-0.054468	11.003009
0.000000	0.000000	-14.760256	0.000000	-0.030769	-0.054648	0.000000	-0.054648	11.071554
0.000000	0.000000	-14.797730	0.007692	0.038462	-0.055601	0.000000	-0.055601	11.141685
0.000000	0.000000	-15.053704	-0.030769	-0.000000	-0.056939	0.000000	-0.056939	11.214887
0.000000	0.000000	-14.713225	0.007692	-0.007692	-0.057293	0.000000	-0.057293	11.286692
0.000000	0.000000	-15.283301	-0.015385	-0.007692	-0.057121	0.000000	-0.057121	11.361962
0.000000	0.000000	-14.380317	-0.007692	-0.007692	-0.056523	0.000000	-0.056523	11.429692
0.000000	0.000000	-14.343616	-0.007692	-0.007692	-0.056444	0.000000	-0.056444	11.496940
0.000000	0.000000	-13.539502	-0.038462	0.007692	-0.054064	0.000000	-0.054064	11.568493
0.000000	0.000000	-12.156502	-0.007692	0.007692	-0.050721	0.000000	-0.050721	11.635256
0.000000	0.000000	-11.555331	-0.030769	0.030769	-0.047346	0.000000	-0.047346	11.702851
0.000000	0.000000	-10.748224	-0.023077	0.007692	-0.043105	0.000000	-0.043105	11.773377
0.000000	0.000000	-7.428591	0.015385	0.023077	-0.035804	0.000000	-0.035804	11.842163
0.000000	0.000000	-6.371157	-0.030769	0.061538	-0.029928	0.000000	-0.029928	11.910460
0.000000	0.000000	-5.322391	0.000000	-0.000000	-0.024003	0.000000	-0.024003	11.980746
0.000000	0.000000	-3.062910	-0.015385	0.007692	-0.017193	0.000000	-0.017193	12.050925
0.000000	0.000000	-1.037631	-0.030769	0.007692	-0.010246	0.000000	-0.010246	12.114280
0.000000	0.000000	-0.508247	-0.038462	0.015385	-0.003227	0.000000	-0.003227	12.188157
0.000000	0.000000	0.398901	0.015385	0.015385	0.000864	0.000000	0.000864	12.260974
0.000000	0.000000	-0.969064	-0.007692	-0.007692	-0.000633	0.000000	-0.000633	12.325007
0.000000	0.000000	-3.422331	0.007692	0.015385	-0.004610	0.000000	-0.004610	12.394861
0.000000	0.000000	-5.886547	-0.007692	-0.000000	-0.010044	0.000000	-0.010044	12.462553
0.000000	0.000000	-7.516801	-0.030769	-0.000000	-0.015273	0.000000	-0.015273	12.531966
0.000000	0.000000	-8.660830	-0.038462	0.038462	-0.019852	0.000000	-0.019852	12.604554
0.000000	0.000000	-7.960540	-0.015385	-0.000000	-0.021879	0.000000	-0.021879	12.673994
0.000000	0.000000	-7.758594	0.015385	-0.000000	-0.023902	0.000000	-0.023902	12.742557
0.000000	0.000000	-7.189570	0.000000	-0.000000	-0.024739	0.000000	-0.024739	12.809139
0.000000	0.000000	-6.682385	-0.007692	-0.000000	-0.025044	0.000000	-0.025044	12.874702
0.000000	0.000000	-7.251082	-0.023077	0.023077	-0.024725	0.000000	-0.024725	12.945574
0.000000	0.000000	-6.101285	0.023077	-0.023077	-0.023327	0.000000	-0.023327	13.018673
0.000000	0.000000	-5.805927	-0.030769	-0.015385	-0.022025	0.000000	-0.022025	13.089802
0.000000	0.000000	-4.911674	-0.023077	-0.000000	-0.019270	0.000000	-0.019270	13.188476
0.000000	0.000000	-4.146314	0.000000	-0.030769	-0.014042	0.000000	-0.014042	13.327101
0.000000	0.000000	-3.066102	-0.023077	0.007692	-0.010729	0.000000	-0.010729	13.399763
0.000000	0.000000	-2.278222	-0.007692	-0.007692	-0.008900	0.000000	-0.008900	13.472961
0.000000	0.000000	-2.534791	-0.030769	-0.030769	-0.006999	0.000000	-0.006999	13.542950
0.000000	0.000000	-3.360118	-0.015385	-0.030769	-0.006710	0.000000	-0.006710	13.610107
0.000000	0.000000	-3.517626	-0.038462	0.023077	-0.008238	0.000000	-0.008238	13.679794
0.000000	0.000000	-3.485135	0.007692	0.007692	-0.009336	0.000000	-0.009336	13.749235
0.000000	0.000000	-3.940233	-0.038462	0.007692	-0.010810	0.000000	-0.010810	13.820790
0.000000	0.000000	-4.320835	0.007692	-0.000000	-0.011436	0.000000	-0.011436	13.894620
0.000000	0.000000	-4.611423	-0.030769	-0.000000	-0.013023	0.000000	-0.013023	13.965070
0.000000	0.000000	-5.069827	-0.023077	-0.000000	-0.014024	0.000000	-0.014024	14.034530
0.000000	0.000000	-5.414444	-0.023077	-0.000000	-0.015212	0.000000	-0.015212	14.102229
0.000000	0.000000	-5.118410	0.007692	-0.000000	-0.015969	0.000000	-0.015969	14.171864
0.000000	0.000000	-5.546830	-0.015385	0.023077	-0.016944	0.000000	-0.016944	14.242334
0.000000	0.000000	-5.572672	0.015385	0.015385	-0.017295	0.000000	-0.017295	14.314308
0.000000	0.000000	-4.998048	-0.015385	-0.007692	-0.016784	0.000000	-0.016784	14.385722
0.000000	0.000000	-4.544510	-0.038462	-0.030769	-0.016042	0.000000	-0.016042	14.456501
0.000000	0.000000	-4.365305	-0.007692	0.007692	-0.016404	0.000000	-0.016404	14.524340
0.000000	0.000000	-4.693818	-0.023077	-0.023077	-0.016337	0.000000	-0.016337	14.592779
0.000000	0.000000	-4.894697	0.015385	0.007692	-0.016543	0.000000	-0.016543	14.664305
0.000000	0.000000	-5.152946	-0.015385	0.007692	-0.016547	0.000000	-0.016547	14.734354
0.000000	0.000000	-4.364861	-0.015385	-0.007692	-0.016276	0.000000	-0.016276	14.804891
0.000000	0.000000	-4.255471	0.038462	0.015385	-0.015876	0.000000	-0.015876	14.876231
0.000000	0.000000	-4.641979	-0.007692	-0.015385	-0.015933	0.000000	-0.015933	14.943015
0.000000	0.000000	-4.528814	-0.030769	-0.007692	-0.015235	0.000000	-0.015235	15.014073
0.000000	0.000000	-4.330863	0.000000	-0.015385	-0.013974	0.000000	-0.013974	15.085607
0.000000	0.000000	-3.808064	0.015385	0.007692	-0.013135	0.000000	-0.013135	15.156077
0.000000	0.000000	-4.130545	-0.023077	-0.000000	-0.013745	0.000000	-0.013745	15.226486
0.000000	0.000000	-4.261605	-0.015385	-0.046154	-0.014666	0.000000	-0.014666	15.293564
0.000000	0.000000	-4.998784	0.007692	-0.000000	-0.015321	0.000000	-0.015321	15.364849
0.000000	0.000000	-5.300484	-0.030769	-0.030769	-0.016137	0.000000	-0.016137	15.435125
0.000000	0.000000	-4.504314	-0.046154	-0.000000	-0.015030	0.000000	-0.015030	15.504216
0.000000	0.000000	-4.018035	0.053846	0.007692	-0.014522	0.000000	-0.014522	15.577258
0.000000	0.000000	-3.720053	-0.015385	0.015385	-0.014330	0.000000	-0.014330	15.646403
0.000000	0.000000	-4.274317	-0.030769	-0.015385	-0.013964	0.000000	-0.013964	15.714000
0.000000	0.000000	-4.926281	-0.007692	-0.007692	-0.014657	0.000000	-0.014657	15.784583
0.000000	0.000000	-4.532981	0.000000	-0.000000	-0.014533	0.000000	-0.014533	15.853444
0.000000	0.000000	-4.847220	0.007692	0.053846	-0.014576	0.000000	-0.014576	15.924011
0.000000	0.000000	-4.656804	0.007692	-0.000000	-0.015086	0.000000	-0.015086	16.003230
0.000000	0.000000	-4.845934	0.000000	-0.007692	-0.014695	0.000000	-0.014695	16.104034
0.000000	0.000000	-4.863404	-0.023077	-0.023077	-0.015437	0.000000	-0.015437	16.175754
0.000000	0.000000	-5.425178	0.000000	0.023077	-0.014847	0.000000	-0.014847	16.245405
0.000000	0.000000	-4.381827	-0.061538	-0.007692	-0.014694	0.000000	-0.014694	16.313947
0.000000	0.000000	-4.473569	-0.046154	-0.007692	-0.014327	0.000000	-0.014327	16.387516
0.000000	0.000000	-4.786929	-0.053846	-0.030769	-0.014648	0.000000	-0.014648	16.463485
0.000000	0.000000	-4.512764	0.030769	-0.000000	-0.014878	0.000000	-0.014878	16.530623
0.000000	0.000000	-4.798566	0.007692	0.007692	-0.015059	0.000000	-0.015059	16.600850
0.000000	0.000000	-4.420254	-0.030769	0.007692	-0.014768	0.000000	-0.014768	16.669194
0.000000	0.000000	-4.386604	-0.030769	0.038462	-0.014679	0.000000	-0.014679	16.739786
0.000000	0.000000	-4.737483	0.000000	-0.007692	-0.014220	0.000000	-0.014220	16.811585
0.000000	0.000000	-3.902387	-0.015385	-0.000000	-0.013365	0.000000	-0.013365	16.885222
0.000000	0.000000	-4.303299	-0.038462	-0.007692	-0.013413	0.000000	-0.013413	16.950625
0.000000	0.000000	-3.896248	-0.015385	0.030769	-0.012425	0.000000	-0.012425	17.015917
0.000000	0.000000	-4.357343	-0.015385	-0.015385	-0.012502	0.000000	-0.012502	17.084130
0.000000	0.000000	-3.913774	-0.084615	-0.000000	-0.012561	0.000000	-0.012561	17.156139
0.000000	0.000000	-3.605096	0.000000	0.038462	-0.011679	0.000000	-0.011679	17.227734
0.000000	0.000000	-3.560042	0.015385	-0.000000	-0.011565	0.000000	-0.011565	17.300862
0.000000	0.000000	-3.219201	0.015385	-0.000000	-0.011675	0.000000	-0.011675	17.378354
0.000000	0.000000	-3.885033	-0.061538	-0.030769	-0.011857	0.000000	-0.011857	17.448400
0.000000	0.000000	-3.677648	-0.038462	0.007692	-0.011836	0.000000	-0.011836	17.518537
0.000000	0.000000	-3.406676	0.023077	0.038462	-0.011028	0.000000	-0.011028	17.611543
0.000000	0.000000	-3.268657	0.038462	-0.000000	-0.010590	0.000000	-0.010590	17.772525
0.000000	0.000000	-3.338057	0.007692	-0.000000	-0.010455	0.000000	-0.010455	17.860633
0.000000	0.000000	-3.637019	-0.015385	-0.053846	-0.011177	0.000000	-0.011177	17.930458
0.000000	0.000000	-3.290277	0.053846	0.007692	-0.011646	0.000000	-0.011646	18.000013
0.000000	0.000000	-3.661177	-0.030769	0.007692	-0.011946	0.000000	-0.011946	18.072635
0.000000	0.000000	-3.733046	-0.023077	-0.007692	-0.011852	0.000000	-0.011852	18.163079
0.000000	0.000000	-3.621442	0.007692	0.015385	-0.010247	0.000000	-0.010247	18.302706
0.000000	0.000000	-2.690213	-0.023077	-0.000000	-0.011074	0.000000	-0.011074	18.370158
0.000000	0.000000	-3.014636	0.000000	-0.015385	-0.010423	0.000000	-0.010423	18.432021
0.000000	0.000000	-3.298982	0.000000	-0.023077	-0.010322	0.000000	-0.010322	18.502366
0.000000	0.000000	-2.812760	0.023077	0.007692	-0.009752	0.000000	-0.009752	18.572154
0.000000	0.000000	-2.702084	-0.030769	0.007692	-0.009713	0.000000	-0.009713	18.635086
0.000000	0.000000	-2.569685	-0.015385	0.023077	-0.008802	0.000000	-0.008802	18.698655
0.000000	0.000000	-2.454037	0.007692	-0.000000	-0.008421	0.000000	-0.008421	18.761708
0.000000	0.000000	-2.659348	0.030769	0.038462	-0.008194	0.000000	-0.008194	18.826707
0.000000	0.000000	-2.678946	-0.015385	-0.015385	-0.007269	0.000000	-0.007269	18.889627
0.000000	0.000000	-2.184717	0.000000	-0.007692	-0.007119	0.000000	-0.007119	18.957251
0.000000	0.000000	-2.880167	-0.030769	0.023077	-0.007704	0.000000	-0.007704	19.020975
0.000000	0.000000	-2.967581	0.023077	-0.015385	-0.008204	0.000000	-0.008204	19.086027
0.000000	0.000000	-2.764300	0.000000	-0.038462	-0.008423	0.000000	-0.008423	19.144972
0.000000	0.000000	-2.919382	0.023077	-0.000000	-0.007690	0.000000	-0.007690	19.217021
0.000000	0.000000	-2.683213	-0.061538	0.015385	-0.005731	0.000000	-0.005731	19.361309
0.000000	0.000000	-1.855159	0.000000	0.023077	-0.007274	0.000000	-0.007274	19.536482
0.000000	0.000000	-2.233760	-0.023077	-0.023077	-0.005631	0.000000	-0.005631	19.670665
0.000000	0.000000	-2.638098	-0.007692	-0.015385	-0.005587	0.000000	-0.005587	19.736722
0.000000	0.000000	-1.700920	-0.030769	-0.000000	-0.006271	0.000000	-0.006271	19.807630
0.000000	0.000000	-2.249564	0.000000	0.007692	-0.006163	0.000000	-0.006163	19.884162
0.000000	0.000000	-1.960315	0.030769	0.023077	-0.005870	0.000000	-0.005870	19.951511
0.000000	0.000000	-2.072208	-0.023077	0.015385	-0.005139	0.000000	-0.005139	20.020395
0.000000	0.000000	-1.600535	0.000000	-0.038462	-0.003794	0.000000	-0.003794	20.091920
0.000000	0.000000	-1.325134	-0.038462	0.015385	-0.003677	0.000000	-0.003677	20.162580
0.000000	0.000000	-1.451698	0.000000	-0.007692	-0.003892	0.000000	-0.003892	20.232006
0.000000	0.000000	-1.845210	0.023077	-0.030769	-0.005617	0.000000	-0.005617	20.304811
0.000000	0.000000	-2.799941	0.007692	0.015385	-0.006282	0.000000	-0.006282	20.372464
0.000000	0.000000	-2.381287	0.038462	0.007692	-0.005567	0.000000	-0.005567	20.439722
0.000000	0.000000	-2.320380	0.015385	-0.000000	-0.005476	0.000000	-0.005476	20.511599
0.000000	0.000000	-2.604219	0.046154	-0.015385	-0.005532	0.000000	-0.005532	20.581151
0.000000	0.000000	-1.965154	-0.015385	-0.007692	-0.005039	0.000000	-0.005039	20.652827
0.000000	0.000000	-2.079379	-0.023077	-0.000000	-0.004920	0.000000	-0.004920	20.726017
0.000000	0.000000	-2.547456	-0.030769	0.007692	-0.005910	0.000000	-0.005910	20.792520
0.000000	0.000000	-2.447398	0.007692	0.046154	-0.006060	0.000000	-0.006060	20.862611
0.000000	0.000000	-2.707770	-0.030769	-0.000000	-0.006968	0.000000	-0.006968	20.934624
0.000000	0.000000	-2.129489	0.030769	0.007692	-0.005630	0.000000	-0.005630	21.002310
0.000000	0.000000	-1.352767	-0.015385	-0.015385	-0.005448	0.000000	-0.005448	21.074472
0.000000	0.000000	-2.511954	0.007692	0.023077	-0.005734	0.000000	-0.005734	21.147016
0.000000	0.000000	-1.682954	-0.030769	-0.030769	-0.005125	0.000000	-0.005125	21.214400
0.000000	0.000000	-1.843869	-0.015385	-0.007692	-0.004583	0.000000	-0.004583	21.283001
0.000000	0.000000	-1.628394	-0.023077	-0.007692	-0.004788	0.000000	-0.004788	21.354011
0.000000	0.000000	-2.253217	-0.061538	-0.015385	-0.005242	0.000000	-0.005242	21.424072
0.000000	0.000000	-2.530703	-0.015385	0.007692	-0.004516	0.000000	-0.004516	21.496624
0.000000	0.000000	-1.975380	0.030769	-0.023077	-0.003811	0.000000	-0.003811	21.570815
0.000000	0.000000	-1.414886	0.007692	0.007692	-0.002803	0.000000	-0.002803	21.639761
0.000000	0.000000	-1.501090	0.007692	-0.007692	-0.002457	0.000000	-0.002457	21.706800
0.000000	0.000000	-0.634798	-0.015385	0.007692	-0.001460	0.000000	-0.001460	21.777053
0.000000	0.000000	-1.045464	0.000000	-0.007692	-0.001116	0.000000	-0.001116	21.844520
0.000000	0.000000	-1.221667	-0.030769	0.023077	-0.000477	0.000000	-0.000477	21.908579
0.000000	0.000000	-1.230376	-0.015385	-0.000000	-0.000273	0.000000	-0.000273	21.984423
0.000000	0.000000	-0.884223	-0.053846	-0.030769	-0.000150	0.000000	-0.000150	22.055810
0.000000	0.000000	-1.113343	0.015385	-0.000000	-0.000628	0.000000	-0.000628	22.123665
0.000000	0.000000	-1.403081	-0.030769	-0.000000	-0.000707	0.000000	-0.000707	22.194394
0.000000	0.000000	-1.697571	-0.030769	-0.000000	-0.001987	0.000000	-0.001987	22.262623
0.000000	0.000000	-1.583374	0.007692	0.007692	-0.002444	0.000000	-0.002444	22.327814
0.000000	0.000000	-1.867965	0.007692	0.015385	-0.003067	0.000000	-0.003067	22.398418
0.000000	0.000000	-1.065213	-0.038462	-0.007692	-0.003060	0.000000	-0.003060	22.462972
0.000000	0.000000	-1.808182	0.015385	-0.000000	-0.003183	0.000000	-0.003183	22.530356
0.000000	0.000000	-1.570077	0.015385	0.015385	-0.002717	0.000000	-0.002717	22.595615
0.000000	0.000000	-1.231132	0.007692	0.030769	-0.003285	0.000000	-0.003285	22.666964
0.000000	0.000000	-2.016862	0.000000	-0.023077	-0.003950	0.000000	-0.003950	22.737832
0.000000	0.000000	-2.323932	0.023077	0.007692	-0.003953	0.000000	-0.003953	22.807220
0.000000	0.000000	-2.186414	-0.023077	-0.007692	-0.004265	0.000000	-0.004265	22.880536
0.000000	0.000000	-2.307780	-0.007692	0.015385	-0.004134	0.000000	-0.004134	22.948148
0.000000	0.000000	-1.615909	-0.023077	-0.000000	-0.003240	0.000000	-0.003240	23.014456
0.000000	0.000000	-0.846325	-0.030769	-0.000000	-0.002050	0.000000	-0.002050	23.088617
0.000000	0.000000	-1.635842	0.000000	0.007692	-0.002439	0.000000	-0.002439	23.191598
0.000000	0.000000	-1.513667	0.015385	-0.023077	-0.002465	0.000000	-0.002465	23.332374
0.000000	0.000000	-1.438049	0.015385	0.023077	-0.001204	0.000000	-0.001204	23.401414
0.000000	0.000000	-1.089681	0.015385	0.015385	-0.000788	0.000000	-0.000788	23.473585
0.000000	0.000000	-0.734190	0.000000	-0.000000	-0.001576	0.000000	-0.001576	23.543525
0.000000	0.000000	-1.331514	-0.038462	0.023077	-0.002801	0.000000	-0.002801	23.612168
0.000000	0.000000	-1.033862	-0.007692	-0.007692	-0.003546	0.000000	-0.003546	23.685820
0.000000	0.000000	-1.200106	-0.023077	0.015385	-0.001453	0.000000	-0.001453	23.755284
0.000000	0.000000	-0.880636	0.023077	-0.023077	-0.001545	0.000000	-0.001545	23.826603
0.000000	0.000000	-1.072013	0.000000	-0.015385	-0.001970	0.000000	-0.001970	23.894082
0.000000	0.000000	-1.348199	-0.007692	0.007692	-0.002482	0.000000	-0.002482	23.962402
0.000000	0.000000	-1.622274	-0.015385	0.007692	-0.002999	0.000000	-0.002999	24.026897
0.000000	0.000000	-1.570383	-0.007692	0.015385	-0.002738	0.000000	-0.002738	24.099436
0.000000	0.000000	-1.923263	-0.023077	0.015385	-0.003476	0.000000	-0.003476	24.170605
0.000000	0.000000	-1.854635	-0.007692	-0.007692	-0.003937	0.000000	-0.003937	24.238685
0.000000	0.000000	-1.934248	0.015385	0.015385	-0.004050	0.000000	-0.004050	24.305209
0.000000	0.000000	-1.798669	-0.007692	-0.000000	-0.004949	0.000000	-0.004949	24.377352
0.000000	0.000000	-1.733290	0.000000	-0.000000	-0.004651	0.000000	-0.004651	24.447009
0.000000	0.000000	-1.516601	-0.023077	-0.000000	-0.004980	0.000000	-0.004980	24.517231
0.000000	0.000000	-2.203212	0.023077	0.007692	-0.004967	0.000000	-0.004967	24.588438
0.000000	0.000000	-1.840948	0.000000	0.023077	-0.004514	0.000000	-0.004514	24.652040
0.000000	0.000000	-1.158045	-0.007692	-0.000000	-0.003730	0.000000	-0.003730	24.722889
0.000000	0.000000	-1.887999	-0.007692	0.007692	-0.004307	0.000000	-0.004307	24.795094
0.000000	0.000000	-1.911331	-0.030769	-0.007692	-0.003809	0.000000	-0.003809	24.864419
0.000000	0.000000	-2.170767	-0.007692	-0.023077	-0.004550	0.000000	-0.004550	24.938282
0.000000	0.000000	-2.081222	0.000000	-0.007692	-0.004443	0.000000	-0.004443	25.009404
0.000000	0.000000	-1.513756	0.015385	-0.000000	-0.003693	0.000000	-0.003693	25.077284
0.000000	0.000000	-1.505253	0.007692	0.007692	-0.003645	0.000000	-0.003645	25.147223
0.000000	0.000000	-1.518819	0.007692	0.030769	-0.004607	0.000000	-0.004607	25.216254
0.000000	0.000000	-2.567721	0.007692	-0.000000	-0.005325	0.000000	-0.005325	25.286776
0.000000	0.000000	-2.261648	0.023077	0.015385	-0.004298	0.000000	-0.004298	25.361777
0.000000	0.000000	-2.090624	0.007692	0.023077	-0.004282	0.000000	-0.004282	25.433462
0.000000	0.000000	-2.325124	-0.015385	0.007692	-0.004949	0.000000	-0.004949	25.501526
0.000000	0.000000	-2.521479	-0.007692	0.015385	-0.005843	0.000000	-0.005843	25.571374
0.000000	0.000000	-1.728074	-0.015385	0.007692	-0.004804	0.000000	-0.004804	25.639203
0.000000	0.000000	-1.838299	0.007692	0.007692	-0.003812	0.000000	-0.003812	25.709024
0.000000	0.000000	-1.115191	-0.023077	-0.023077	-0.002482	0.000000	-0.002482	25.782854
0.000000	0.000000	-0.921460	0.000000	-0.000000	-0.002789	0.000000	-0.002789	25.852864
0.000000	0.000000	-1.765079	-0.030769	0.007692	-0.003030	0.000000	-0.003030	25.923645
0.000000	0.000000	-1.815694	0.000000	0.007692	-0.003529	0.000000	-0.003529	25.991832
0.000000	0.000000	-2.114805	0.030769	-0.000000	-0.003995	0.000000	-0.003995	26.063136
0.000000	0.000000	-1.550506	-0.023077	-0.007692	-0.003884	0.000000	-0.003884	26.134447
0.000000	0.000000	-1.436421	-0.007692	-0.015385	-0.003502	0.000000	-0.003502	26.204307
0.000000	0.000000	-1.689981	-0.007692	-0.007692	-0.004089	0.000000	-0.004089	26.276372
0.000000	0.000000	-1.999709	-0.030769	-0.007692	-0.004180	0.000000	-0.004180	26.344696
0.000000	0.000000	-1.649163	-0.015385	-0.015385	-0.003989	0.000000	-0.003989	26.411371
0.000000	0.000000	-1.874476	0.007692	-0.007692	-0.004957	0.000000	-0.004957	26.482425
0.000000	0.000000	-2.039604	0.000000	-0.015385	-0.006139	0.000000	-0.006139	26.553505
0.000000	0.000000	-2.676663	0.000000	-0.038462	-0.006273	0.000000	-0.006273	26.624654
0.000000	0.000000	-2.939825	0.000000	-0.015385	-0.006543	0.000000	-0.006543	26.698739
0.000000	0.000000	-2.202571	-0.007692	0.007692	-0.006355	0.000000	-0.006355	26.768979
0.000000	0.000000	-2.021128	0.007692	-0.030769	-0.006376	0.000000	-0.006376	26.835904
0.000000	0.000000	-2.420765	0.007692	0.007692	-0.006337	0.000000	-0.006337	26.906882
0.000000	0.000000	-3.083046	-0.023077	-0.000000	-0.006994	0.000000	-0.006994	26.977523
0.000000	0.000000	-2.763279	-0.007692	0.007692	-0.006593	0.000000	-0.006593	27.048035
0.000000	0.000000	-1.913318	-0.046154	0.007692	-0.005271	0.000000	-0.005271	27.119588
0.000000	0.000000	-1.889048	0.000000	0.023077	-0.004567	0.000000	-0.004567	27.188288
0.000000	0.000000	-0.819839	-0.015385	-0.000000	-0.003720	0.000000	-0.003720	27.253830
0.000000	0.000000	-1.494217	0.007692	-0.000000	-0.003383	0.000000	-0.003383	27.319328
0.000000	0.000000	-0.840777	-0.030769	0.007692	-0.002210	0.000000	-0.002210	27.390875
0.000000	0.000000	-0.919056	-0.015385	-0.000000	-0.002276	0.000000	-0.002276	27.462237
0.000000	0.000000	-0.829740	-0.015385	-0.007692	-0.001722	0.000000	-0.001722	27.535206
0.000000	0.000000	-0.777893	-0.007692	-0.007692	-0.001710	0.000000	-0.001710	27.604259
0.000000	0.000000	-0.671895	0.007692	-0.000000	-0.001707	0.000000	-0.001707	27.674178
0.000000	0.000000	-0.961594	-0.015385	-0.007692	-0.001420	0.000000	-0.001420	27.746229
0.000000	0.000000	-0.747822	-0.023077	0.007692	-0.001211	0.000000	-0.001211	27.815962
0.000000	0.000000	-1.060736	-0.023077	-0.007692	-0.001153	0.000000	-0.001153	27.890684
0.000000	0.000000	-1.230374	0.000000	0.015385	-0.000932	0.000000	-0.000932	27.960621
0.000000	0.000000	-1.363703	0.000000	-0.000000	-0.000581	0.000000	-0.000581	28.031375
0.000000	0.000000	-0.663837	-0.038462	0.007692	0.000004	0.000000	0.000004	28.102028
0.000000	0.000000	-0.796197	-0.015385	-0.000000	-0.000649	0.000000	-0.000649	28.215532
0.000000	0.000000	-0.613627	-0.015385	-0.000000	-0.000652	0.000000	-0.000652	28.338347
0.000000	0.000000	-0.636390	-0.015385	-0.023077	-0.000764	0.000000	-0.000764	28.410485
0.000000	0.000000	-1.270482	-0.015385	0.007692	-0.000149	0.000000	-0.000149	28.479867
0.000000	0.000000	-0.805816	0.023077	0.015385	-0.001536	0.000000	-0.001536	28.549499
0.000000	0.000000	-2.016655	-0.015385	-0.000000	-0.003079	0.000000	-0.003079	28.620198
0.000000	0.000000	-1.906860	0.007692	-0.007692	-0.003136	0.000000	-0.003136	28.689417
0.000000	0.000000	-1.365740	-0.015385	-0.007692	-0.003514	0.000000	-0.003514	28.762296
0.000000	0.000000	-2.249101	-0.015385	-0.007692	-0.004078	0.000000	-0.004078	28.834916
0.000000	0.000000	-2.078614	0.007692	0.007692	-0.004301	0.000000	-0.004301	28.903353
0.000000	0.000000	-1.655514	0.007692	-0.015385	-0.003222	0.000000	-0.003222	28.973557
0.000000	0.000000	-1.095117	0.023077	0.007692	-0.002870	0.000000	-0.002870	29.043648
0.000000	0.000000	-1.300381	-0.030769	0.023077	-0.001801	0.000000	-0.001801	29.112054
0.000000	0.000000	-0.658265	0.030769	-0.038462	-0.001351	0.000000	-0.001351	29.186197
0.000000	0.000000	-0.412750	-0.038462	0.015385	-0.000757	0.000000	-0.000757	29.254028
0.000000	0.000000	-0.932638	-0.015385	-0.000000	-0.000939	0.000000	-0.000939	29.321638
0.000000	0.000000	-1.035410	-0.015385	-0.007692	-0.001450	0.000000	-0.001450	29.392862
0.000000	0.000000	-1.198637	-0.030769	-0.000000	-0.001632	0.000000	-0.001632	29.457814
0.000000	0.000000	-1.278633	0.023077	-0.007692	-0.001327	0.000000	-0.001327	29.526803
0.000000	0.000000	-0.098159	-0.030769	-0.015385	-0.000461	0.000000	-0.000461	29.596791
0.000000	0.000000	-0.449777	-0.023077	0.007692	-0.000265	0.000000	-0.000265	29.667808
0.000000	0.000000	-0.930537	-0.023077	0.015385	-0.000244	0.000000	-0.000244	29.719581
0.000000	0.000000	-1.179694	-0.015385	0.007692	-0.000811	0.000000	-0.000811	29.772431
0.000000	0.000000	-1.155329	-0.023077	-0.000000	-0.000485	0.000000	-0.000485	29.821962
0.000000	0.000000	-0.552151	-0.023077	-0.023077	0.000225	0.000000	0.000225	29.873148
0.000000	0.000000	-0.448560	-0.015385	-0.007692	-0.000147	0.000000	-0.000147	29.921445
0.000000	0.000000	-0.843137	0.007692	-0.000000	0.000167	0.000000	0.000167	29.972350
0.000000	0.000000	-1.062619	0.000000	-0.007692	-0.000582	0.000000	-0.000582	30.020904
0.000000	0.000000	-1.046216	0.007692	0.007692	-0.000769	0.000000	-0.000769	30.073891
0.000000	0.000000	-0.858563	0.000000	-0.000000	-0.000790	0.000000	-0.000790	30.121208
0.000000	0.000000	-0.758305	0.023077	-0.000000	-0.000990	0.000000	-0.000990	30.171513
0.000000	0.000000	-0.780200	-0.030769	0.007692	-0.000983	0.000000	-0.000983	30.218538
0.000000	0.000000	-0.996507	0.000000	0.007692	-0.001896	0.000000	-0.001896	30.267786
0.000000	0.000000	-0.882107	-0.007692	-0.015385	-0.001733	0.000000	-0.001733	30.315655
0.000000	0.000000	-0.981756	-0.038462	0.007692	-0.001086	0.000000	-0.001086	30.365894
0.000000	0.000000	-1.069984	-0.023077	0.015385	-0.000678	0.000000	-0.000678	30.416960
0.000000	0.000000	-1.167838	0.007692	-0.007692	-0.000172	0.000000	-0.000172	30.468779
0.000000	0.000000	-0.829105	0.007692	0.023077	-0.000337	0.000000	-0.000337	30.516823
0.000000	0.000000	-1.015388	-0.015385	0.007692	-0.000353	0.000000	-0.000353	30.564975
0.000000	0.000000	-0.585067	-0.015385	0.015385	-0.000090	0.000000	-0.000090	30.612652
0.000000	0.000000	-0.649361	-0.023077	-0.000000	0.000197	0.000000	0.000197	30.663412
0.000000	0.000000	-0.419667	0.007692	-0.015385	0.000169	0.000000	0.000169	30.712533
0.000000	0.000000	-0.516180	-0.007692	-0.007692	0.000308	0.000000	0.000308	30.761306
0.000000	0.000000	-0.722265	-0.023077	0.007692	0.000373	0.000000	0.000373	30.810137
0.000000	0.000000	-0.763291	-0.007692	-0.007692	0.000066	0.000000	0.000066	30.860134
0.000000	0.000000	-1.119412	-0.023077	0.023077	0.000009	0.000000	0.000009	30.912370
0.000000	0.000000	-1.180522	-0.023077	-0.007692	-0.000532	0.000000	-0.000532	30.960838
0.000000	0.000000	-1.175631	0.000000	-0.007692	-0.000798	0.000000	-0.000798	31.009827
0.000000	0.000000	-1.866339	-0.015385	0.007692	-0.001739	0.000000	-0.001739	31.082920
0.000000	0.000000	-1.357138	-0.007692	-0.000000	-0.002236	0.000000	-0.002236	31.131302
0.000000	0.000000	-1.951283	-0.007692	-0.000000	-0.002433	0.000000	-0.002433	31.182123
0.000000	0.000000	-1.514579	0.007692	-0.007692	-0.002972	0.000000	-0.002972	31.230342
0.000000	0.000000	-1.648517	-0.007692	0.007692	-0.003460	0.000000	-0.003460	31.282757
0.000000	0.000000	-2.597067	0.000000	0.007692	-0.004575	0.000000	-0.004575	31.332693
0.000000	0.000000	-2.242260	-0.015385	-0.007692	-0.005235	0.000000	-0.005235	31.381987
0.000000	0.000000	-2.498325	0.015385	0.007692	-0.005403	0.000000	-0.005403	31.429692
0.000000	0.000000	-2.305079	-0.007692	0.007692	-0.005588	0.000000	-0.005588	31.479694
0.000000	0.000000	-2.345074	-0.007692	0.007692	-0.005365	0.000000	-0.005365	31.528481
0.000000	0.000000	-2.361282	-0.007692	0.015385	-0.005314	0.000000	-0.005314	31.578744
0.000000	0.000000	-2.134583	0.015385	0.007692	-0.005187	0.000000	-0.005187	31.625818
0.000000	0.000000	-1.738563	-0.015385	0.015385	-0.004497	0.000000	-0.004497	31.676994
0.000000	0.000000	-2.767491	-0.015385	-0.007692	-0.004793	0.000000	-0.004793	31.725642
0.000000	0.000000	-2.322021	0.000000	0.007692	-0.005473	0.000000	-0.005473	31.779401
0.000000	0.000000	-2.033988	0.007692	-0.015385	-0.005320	0.000000	-0.005320	31.825988
0.000000	0.000000	-2.179965	-0.007692	-0.015385	-0.005332	0.000000	-0.005332	31.875336
0.000000	0.000000	-2.509036	-0.007692	-0.000000	-0.005809	0.000000	-0.005809	31.923278
0.000000	0.000000	-2.610833	-0.015385	-0.000000	-0.005667	0.000000	-0.005667	31.973668
0.000000	0.000000	-1.309529	-0.030769	-0.023077	-0.005098	0.000000	-0.005098	32.020816
0.000000	0.000000	-1.987811	-0.023077	0.015385	-0.005192	0.000000	-0.005192	32.073265
0.000000	0.000000	-2.220768	0.000000	0.030769	-0.005034	0.000000	-0.005034	32.122343
0.000000	0.000000	-2.930307	0.000000	-0.015385	-0.004913	0.000000	-0.004913	32.174831
0.000000	0.000000	-1.670997	0.015385	-0.007692	-0.004440	0.000000	-0.004440	32.222188
0.000000	0.000000	-1.842022	0.007692	0.023077	-0.004189	0.000000	-0.004189	32.271367
0.000000	0.000000	-1.445742	0.015385	-0.030769	-0.003593	0.000000	-0.003593	32.319701
0.000000	0.000000	-1.526631	-0.007692	-0.023077	-0.003453	0.000000	-0.003453	32.369770
0.000000	0.000000	-1.599972	0.000000	0.007692	-0.003156	0.000000	-0.003156	32.418858
0.000000	0.000000	-1.308277	0.000000	-0.000000	-0.003049	0.000000	-0.003049	32.467763
0.000000	0.000000	-0.598354	0.007692	0.015385	-0.002773	0.000000	-0.002773	32.517092
0.000000	0.000000	-1.043416	-0.023077	-0.007692	-0.002288	0.000000	-0.002288	32.568386
0.000000	0.000000	-1.202133	0.007692	-0.007692	-0.001621	0.000000	-0.001621	32.618762
0.000000	0.000000	-0.698729	0.007692	-0.007692	-0.000756	0.000000	-0.000756	32.669116
0.000000	0.000000	-1.005831	-0.015385	0.007692	-0.000143	0.000000	-0.000143	32.716415
0.000000	0.000000	-0.698450	0.000000	-0.000000	0.000350	0.000000	0.000350	32.764987
0.000000	0.000000	-0.308153	-0.023077	0.038462	0.000849	0.000000	0.000849	32.815888
0.000000	0.000000	-0.807652	0.000000	0.015385	0.001176	0.000000	0.001176	32.865744
0.000000	0.000000	-0.347154	-0.015385	-0.000000	0.001303	0.000000	0.001303	32.914650
0.000000	0.000000	-0.501274	-0.007692	-0.000000	0.001237	0.000000	0.001237	32.965668
0.000000	0.000000	-0.683657	0.000000	-0.023077	0.000810	0.000000	0.000810	33.016610
0.000000	0.000000	-0.976995	0.007692	-0.000000	0.000553	0.000000	0.000553	33.066522
0.000000	0.000000	-0.823515	0.023077	0.023077	0.000566	0.000000	0.000566	33.152355
0.000000	0.000000	-0.410872	-0.007692	-0.007692	0.003754	0.000000	0.003754	33.322870
0.000000	0.000000	0.307220	-0.023077	0.030769	0.003918	0.000000	0.003918	33.430467
0.000000	0.000000	0.027592	-0.030769	0.007692	0.001349	0.000000	0.001349	33.503466
0.000000	0.000000	-0.810568	-0.015385	-0.000000	0.001039	0.000000	0.001039	33.552496
0.000000	0.000000	-0.144306	0.000000	-0.000000	0.001746	0.000000	0.001746	33.600940
0.000000	0.000000	-1.125751	0.000000	-0.007692	0.001259	0.000000	0.001259	33.652214
0.000000	0.000000	-0.616690	0.000000	-0.007692	0.001550	0.000000	0.001550	33.700576
0.000000	0.000000	-0.693285	-0.007692	-0.000000	0.001314	0.000000	0.001314	33.750176
0.000000	0.000000	-0.716425	0.000000	-0.007692	0.000898	0.000000	0.000898	33.799109
0.000000	0.000000	-0.775770	-0.030769	0.015385	0.000602	0.000000	0.000602	33.849104
0.000000	0.000000	0.069139	0.015385	-0.007692	0.001069	0.000000	0.001069	33.901970
0.000000	0.000000	-0.904275	-0.007692	0.007692	0.001271	0.000000	0.001271	33.950388
0.000000	0.000000	-0.964329	0.007692	-0.000000	0.000827	0.000000	0.000827	33.998333
0.000000	0.000000	-0.663986	0.000000	-0.015385	0.000741	0.000000	0.000741	34.051826
0.000000	0.000000	-0.912120	0.007692	0.023077	0.000163	0.000000	0.000163	34.100127
0.000000	0.000000	-1.017784	0.030769	-0.000000	0.000178	0.000000	0.000178	34.151428
0.000000	0.000000	-0.362961	-0.015385	-0.000000	0.000384	0.000000	0.000384	34.200968
0.000000	0.000000	-0.842953	0.000000	-0.000000	0.000427	0.000000	0.000427	34.251533
0.000000	0.000000	-0.259047	0.000000	0.015385	0.000389	0.000000	0.000389	34.301479
0.000000	0.000000	-0.596243	0.000000	0.015385	0.000610	0.000000	0.000610	34.350633
0.000000	0.000000	-0.585913	0.000000	-0.023077	0.000391	0.000000	0.000391	34.400901
0.000000	0.000000	-1.309508	-0.015385	-0.007692	0.000083	0.000000	0.000083	34.450550
0.000000	0.000000	-1.229181	0.000000	0.007692	0.000166	0.000000	0.000166	34.499266
0.000000	0.000000	-0.271477	0.000000	-0.007692	0.000925	0.000000	0.000925	34.548377
0.000000	0.000000	-0.070535	-0.023077	0.007692	0.001625	0.000000	0.001625	34.596828
0.000000	0.000000	-0.006276	-0.030769	0.015385	0.001890	0.000000	0.001890	34.647762
0.000000	0.000000	-0.165205	-0.015385	-0.000000	0.001879	0.000000	0.001879	34.697611
0.000000	0.000000	-0.174698	0.007692	-0.007692	0.001440	0.000000	0.001440	34.748781
0.000000	0.000000	-0.427851	-0.007692	0.015385	0.001468	0.000000	0.001468	34.796765
0.000000	0.000000	-0.427850	-0.023077	0.015385	0.001095	0.000000	0.001095	34.845327
0.000000	0.000000	-0.371588	-0.023077	-0.023077	0.001158	0.000000	0.001158	34.894262
0.000000	0.000000	-0.354292	-0.023077	-0.015385	0.001262	0.000000	0.001262	34.944437
0.000000	0.000000	-0.726044	-0.015385	-0.023077	0.001045	0.000000	0.001045	34.992697
0.000000	0.000000	-0.992589	0.023077	0.015385	0.000566	0.000000	0.000566	35.041712
0.000000	0.000000	-1.277725	0.030769	-0.000000	0.000400	0.000000	0.000400	35.092700
0.000000	0.000000	-0.619687	0.015385	-0.000000	0.000498	0.000000	0.000498	35.144866
0.000000	0.000000	-0.692891	0.046154	-0.015385	0.000778	0.000000	0.000778	35.194227
0.000000	0.000000	-0.222355	0.000000	-0.023077	0.001195	0.000000	0.001195	35.242238
0.000000	0.000000	-0.376339	-0.030769	0.015385	0.000859	0.000000	0.000859	35.290251
0.000000	0.000000	-0.527887	0.015385	0.023077	0.000855	0.000000	0.000855	35.338681
0.000000	0.000000	-0.717254	-0.007692	-0.023077	0.001043	0.000000	0.001043	35.388879
0.000000	0.000000	-0.808151	-0.007692	0.023077	0.000919	0.000000	0.000919	35.438822
0.000000	0.000000	-0.631733	0.007692	-0.007692	0.001196	0.000000	0.001196	35.488182
0.000000	0.000000	-0.386756	-0.038462	-0.007692	0.001294	0.000000	0.001294	35.537670
0.000000	0.000000	-0.476174	-0.015385	-0.038462	0.000979	0.000000	0.000979	35.588298
0.000000	0.000000	-0.527539	-0.030769	-0.007692	0.000879	0.000000	0.000879	35.635816
0.000000	0.000000	-0.770471	-0.015385	-0.030769	0.000846	0.000000	0.000846	35.687076
0.000000	0.000000	-0.460163	0.007692	-0.000000	0.001320	0.000000	0.001320	35.735148
0.000000	0.000000	0.297659	0.007692	-0.000000	0.001693	0.000000	0.001693	35.785736
0.000000	0.000000	-0.724183	-0.030769	0.030769	0.001601	0.000000	0.001601	35.833133
0.000000	0.000000	-0.294511	-0.007692	0.007692	0.001777	0.000000	0.001777	35.883057
0.000000	0.000000	-0.512251	-0.023077	-0.007692	0.001771	0.000000	0.001771	35.933050
0.000000	0.000000	-0.469600	0.007692	-0.015385	0.001828	0.000000	0.001828	35.985748
0.000000	0.000000	0.153662	-0.023077	0.038462	0.002046	0.000000	0.002046	36.035021
0.000000	0.000000	-0.859800	-0.015385	0.015385	0.001573	0.000000	0.001573	36.084126
0.000000	0.000000	-0.695209	-0.007692	-0.023077	0.001326	0.000000	0.001326	36.130797
0.000000	0.000000	-0.474452	0.007692	0.015385	0.001449	0.000000	0.001449	36.181348
0.000000	0.000000	-0.191299	-0.023077	-0.007692	0.001914	0.000000	0.001914	36.229408
0.000000	0.000000	-0.302052	0.007692	-0.030769	0.002241	0.000000	0.002241	36.280359
0.000000	0.000000	-0.172006	-0.007692	-0.007692	0.002098	0.000000	0.002098	36.328475
0.000000	0.000000	-0.361299	-0.015385	0.015385	0.001773	0.000000	0.001773	36.379790
0.000000	0.000000	-0.538898	-0.015385	-0.000000	0.001644	0.000000	0.001644	36.430562
0.000000	0.000000	-0.287778	0.015385	-0.015385	0.001864	0.000000	0.001864	36.481017
0.000000	0.000000	0.051206	-0.015385	0.007692	0.002378	0.000000	0.002378	36.527867
0.000000	0.000000	-0.073168	0.000000	-0.015385	0.002589	0.000000	0.002589	36.577150
0.000000	0.000000	-0.255716	-0.015385	0.007692	0.002627	0.000000	0.002627	36.626330
0.000000	0.000000	0.770079	-0.007692	-0.000000	0.003073	0.000000	0.003073	36.675663
0.000000	0.000000	-0.964474	-0.007692	-0.000000	0.002625	0.000000	0.002625	36.725022
0.000000	0.000000	-0.041685	-0.007692	-0.000000	0.003466	0.000000	0.003466	36.775714
0.000000	0.000000	0.300410	0.000000	0.015385	0.003950	0.000000	0.003950	36.824890
0.000000	0.000000	0.414505	-0.007692	0.015385	0.003978	0.000000	0.003978	36.876707
0.000000	0.000000	0.384093	0.015385	0.007692	0.003903	0.000000	0.003903	36.924761
0.000000	0.000000	0.269401	-0.023077	0.007692	0.003959	0.000000	0.003959	36.974718
0.000000	0.000000	0.304241	-0.007692	0.007692	0.004332	0.000000	0.004332	37.022647
0.000000	0.000000	0.809967	-0.030769	0.030769	0.004444	0.000000	0.004444	37.071167
0.000000	0.000000	0.190815	-0.015385	-0.000000	0.004025	0.000000	0.004025	37.119668
0.000000	0.000000	-0.209440	0.000000	0.015385	0.003927	0.000000	0.003927	37.168227
0.000000	0.000000	-0.138278	-0.015385	0.007692	0.004024	0.000000	0.004024	37.220042
0.000000	0.000000	0.204552	-0.015385	0.023077	0.004009	0.000000	0.004009	37.271980
0.000000	0.000000	0.112106	-0.007692	0.023077	0.004059	0.000000	0.004059	37.320243
0.000000	0.000000	0.311277	0.007692	0.023077	0.004673	0.000000	0.004673	37.367696
0.000000	0.000000	0.580952	0.015385	-0.000000	0.005134	0.000000	0.005134	37.415621
0.000000	0.000000	0.681172	-0.023077	-0.007692	0.005372	0.000000	0.005372	37.464729
0.000000	0.000000	0.923891	0.007692	-0.000000	0.005791	0.000000	0.005791	37.516234
0.000000	0.000000	0.068753	-0.007692	-0.000000	0.005497	0.000000	0.005497	37.565028
0.000000	0.000000	0.306139	-0.007692	-0.000000	0.005676	0.000000	0.005676	37.614052
0.000000	0.000000	0.304169	-0.015385	-0.007692	0.005309	0.000000	0.005309	37.664256
0.000000	0.000000	0.166033	-0.007692	0.023077	0.005529	0.000000	0.005529	37.713897
0.000000	0.000000	0.499962	-0.015385	0.030769	0.005119	0.000000	0.005119	37.764140
0.000000	0.000000	0.805595	-0.015385	0.023077	0.004979	0.000000	0.004979	37.812668
0.000000	0.000000	0.089492	0.007692	0.023077	0.004397	0.000000	0.004397	37.862066
0.000000	0.000000	0.419103	-0.007692	-0.007692	0.004493	0.000000	0.004493	37.910544
0.000000	0.000000	0.702333	-0.007692	-0.007692	0.004886	0.000000	0.004886	37.959957
0.000000	0.000000	0.045261	0.007692	-0.000000	0.004305	0.000000	0.004305	38.009200
0.000000	0.000000	0.017278	0.000000	-0.000000	0.003897	0.000000	0.003897	38.059674
0.000000	0.000000	-0.544888	0.000000	0.015385	0.002952	0.000000	0.002952	38.110516
0.000000	0.000000	-0.043483	0.007692	-0.007692	0.002923	0.000000	0.002923	38.191195
0.000000	0.000000	-0.006205	-0.038462	0.015385	0.002847	0.000000	0.002847	38.269132
0.000000	0.000000	0.281842	-0.023077	-0.007692	0.003063	0.000000	0.003063	38.317892
0.000000	0.000000	-0.229644	-0.007692	0.007692	0.003178	0.000000	0.003178	38.367616
0.000000	0.000000	0.369788	0.015385	-0.000000	0.002806	0.000000	0.002806	38.416716
0.000000	0.000000	-0.744461	0.000000	0.007692	0.001721	0.000000	0.001721	38.467471
0.000000	0.000000	-0.255626	0.000000	0.015385	0.001407	0.000000	0.001407	38.517242
0.000000	0.000000	-0.489100	0.007692	0.015385	0.001240	0.000000	0.001240	38.568303
0.000000	0.000000	-0.085842	-0.015385	-0.015385	0.001429	0.000000	0.001429	38.616153
0.000000	0.000000	-0.051585	-0.015385	0.015385	0.001146	0.000000	0.001146	38.665138
0.000000	0.000000	0.286840	0.015385	0.030769	0.001876	0.000000	0.001876	38.715749
0.000000	0.000000	0.151314	0.000000	-0.000000	0.002162	0.000000	0.002162	38.765348
0.000000	0.000000	0.474703	-0.015385	0.007692	0.002903	0.000000	0.002903	38.813551
0.000000	0.000000	0.203704	-0.007692	0.007692	0.003560	0.000000	0.003560	38.862504
0.000000	0.000000	0.537666	-0.007692	0.007692	0.003827	0.000000	0.003827	38.912795
0.000000	0.000000	0.447300	-0.007692	0.007692	0.004721	0.000000	0.004721	38.966134
0.000000	0.000000	0.943676	-0.015385	-0.007692	0.005433	0.000000	0.005433	39.015439
0.000000	0.000000	0.853732	-0.007692	-0.007692	0.005787	0.000000	0.005787	39.063572
0.000000	0.000000	0.572152	0.007692	-0.015385	0.005699	0.000000	0.005699	39.111113
0.000000	0.000000	0.676976	-0.007692	0.015385	0.005737	0.000000	0.005737	39.161146
0.000000	0.000000	0.854271	-0.007692	0.015385	0.006430	0.000000	0.006430	39.209666
0.000000	0.000000	0.783718	-0.030769	-0.015385	0.006631	0.000000	0.006631	39.261526
0.000000	0.000000	1.752959	-0.007692	0.023077	0.007386	0.000000	0.007386	39.310839
0.000000	0.000000	1.101786	0.007692	-0.000000	0.007629	0.000000	0.007629	39.360750
0.000000	0.000000	2.240298	-0.007692	0.007692	0.008643	0.000000	0.008643	39.411226
0.000000	0.000000	1.536783	0.038462	-0.007692	0.008574	0.000000	0.008574	39.460490
0.000000	0.000000	1.911159	-0.007692	-0.000000	0.009140	0.000000	0.009140	39.509985
0.000000	0.000000	1.419729	0.007692	-0.000000	0.009154	0.000000	0.009154	39.559133
0.000000	0.000000	1.541907	-0.046154	0.015385	0.008987	0.000000	0.008987	39.607908
0.000000	0.000000	1.418811	-0.023077	-0.000000	0.008928	0.000000	0.008928	39.657146
0.000000	0.000000	0.830235	-0.023077	0.015385	0.008556	0.000000	0.008556	39.705668
0.000000	0.000000	1.316024	-0.007692	-0.030769	0.008451	0.000000	0.008451	39.756361
0.000000	0.000000	1.689374	0.000000	0.007692	0.008138	0.000000	0.008138	39.806602
0.000000	0.000000	1.370318	0.000000	-0.000000	0.007834	0.000000	0.007834	39.857821
0.000000	0.000000	0.905907	0.007692	0.023077	0.006768	0.000000	0.006768	39.906579
0.000000	0.000000	1.181637	-0.007692	-0.015385	0.005970	0.000000	0.005970	39.954381
0.000000	0.000000	0.352684	0.015385	-0.007692	0.005187	0.000000	0.005187	40.004054
0.000000	0.000000	-0.282841	0.000000	0.007692	0.004441	0.000000	0.004441	40.053700
0.000000	0.000000	0.258355	0.007692	-0.015385	0.004232	0.000000	0.004232	40.102310
0.000000	0.000000	0.077111	0.000000	-0.000000	0.004016	0.000000	0.004016	40.151557
0.000000	0.000000	0.317388	0.000000	0.023077	0.003753	0.000000	0.003753	40.202462
0.000000	0.000000	0.102553	0.000000	0.015385	0.004079	0.000000	0.004079	40.254883
0.000000	0.000000	0.173361	-0.015385	-0.000000	0.004047	0.000000	0.004047	40.303301
0.000000	0.000000	0.174097	0.007692	-0.023077	0.004299	0.000000	0.004299	40.351802
0.000000	0.000000	-0.136015	0.000000	-0.007692	0.003562	0.000000	0.003562	40.399578
0.000000	0.000000	0.429319	-0.007692	-0.015385	0.003618	0.000000	0.003618	40.448041
0.000000	0.000000	-0.062573	0.000000	0.030769	0.003383	0.000000	0.003383	40.499058
0.000000	0.000000	-0.136428	-0.007692	-0.000000	0.003479	0.000000	0.003479	40.548151
0.000000	0.000000	0.159268	0.007692	0.038462	0.003386	0.000000	0.003386	40.598151
0.000000	0.000000	-0.083254	-0.007692	0.007692	0.003810	0.000000	0.003810	40.647830
0.000000	0.000000	0.382461	-0.053846	-0.000000	0.003984	0.000000	0.003984	40.698028
0.000000	0.000000	0.400521	0.000000	0.030769	0.004444	0.000000	0.004444	40.746272
0.000000	0.000000	0.870130	-0.007692	0.023077	0.004907	0.000000	0.004907	40.796278
0.000000	0.000000	0.951601	-0.015385	-0.000000	0.005646	0.000000	0.005646	40.845182
0.000000	0.000000	0.683503	-0.030769	-0.007692	0.005433	0.000000	0.005433	40.894285
0.000000	0.000000	0.666748	-0.023077	-0.000000	0.005427	0.000000	0.005427	40.942638
0.000000	0.000000	0.884320	-0.023077	-0.000000	0.005670	0.000000	0.005670	40.991975
0.000000	0.000000	1.320227	-0.015385	0.015385	0.005933	0.000000	0.005933	41.042362
0.000000	0.000000	1.176953	-0.015385	-0.000000	0.006145	0.000000	0.006145	41.095578
0.000000	0.000000	1.739096	-0.015385	-0.007692	0.007029	0.000000	0.007029	41.144468
0.000000	0.000000	0.994018	-0.023077	0.015385	0.006520	0.000000	0.006520	41.193602
0.000000	0.000000	0.475432	0.023077	-0.023077	0.006087	0.000000	0.006087	41.240868
0.000000	0.000000	1.095905	-0.007692	-0.000000	0.006252	0.000000	0.006252	41.290852
0.000000	0.000000	1.034840	0.000000	0.015385	0.006481	0.000000	0.006481	41.340140
0.000000	0.000000	0.867826	-0.015385	-0.000000	0.006364	0.000000	0.006364	41.390372
0.000000	0.000000	0.881523	-0.015385	-0.015385	0.006686	0.000000	0.006686	41.440382
0.000000	0.000000	1.168737	0.015385	0.015385	0.006557	0.000000	0.006557	41.491102
0.000000	0.000000	1.088471	-0.015385	0.007692	0.006963	0.000000	0.006963	41.542470
0.000000	0.000000	0.747748	-0.015385	-0.023077	0.006554	0.000000	0.006554	41.591322
0.000000	0.000000	0.717817	0.000000	-0.000000	0.006311	0.000000	0.006311	41.638823
0.000000	0.000000	0.354435	-0.007692	0.007692	0.005727	0.000000	0.005727	41.689340
0.000000	0.000000	-0.037428	-0.007692	-0.030769	0.005482	0.000000	0.005482	41.737625
0.000000	0.000000	0.083537	-0.030769	-0.007692	0.004910	0.000000	0.004910	41.787206
0.000000	0.000000	0.137460	0.000000	-0.000000	0.003863	0.000000	0.003863	41.836758
0.000000	0.000000	-0.679141	-0.015385	-0.007692	0.002808	0.000000	0.002808	41.887160
0.000000	0.000000	-1.111262	0.000000	-0.015385	0.001283	0.000000	0.001283	41.938793
0.000000	0.000000	-2.115858	0.000000	-0.000000	0.000105	0.000000	0.000105	41.988873
0.000000	0.000000	-2.202120	0.000000	0.030769	-0.001371	0.000000	-0.001371	42.037223
0.000000	0.000000	-2.713000	-0.023077	-0.007692	-0.003089	0.000000	-0.003089	42.086823
0.000000	0.000000	-3.528966	0.007692	-0.007692	-0.004972	0.000000	-0.004972	42.134878
0.000000	0.000000	-4.095943	-0.030769	0.015385	-0.006736	0.000000	-0.006736	42.184906
0.000000	0.000000	-4.733301	-0.015385	0.007692	-0.009031	0.000000	-0.009031	42.232855
0.000000	0.000000	-5.152265	-0.038462	0.030769	-0.011935	0.000000	-0.011935	42.283777
0.000000	0.000000	-6.417378	0.000000	-0.030769	-0.015433	0.000000	-0.015433	42.334786
0.000000	0.000000	-7.873208	-0.007692	-0.030769	-0.019746	0.000000	-0.019746	42.385968
0.000000	0.000000	-9.443077	-0.030769	0.023077	-0.023500	0.000000	-0.023500	42.433444
0.000000	0.000000	-10.528332	0.000000	-0.023077	-0.028875	0.000000	-0.028875	42.482028
0.000000	0.000000	-12.272847	0.000000	-0.015385	-0.034237	0.000000	-0.034237	42.529615
0.000000	0.000000	-14.633549	0.015385	-0.007692	-0.041113	0.000000	-0.041113	42.580006
0.000000	0.000000	-16.405344	-0.007692	0.030769	-0.046930	0.000000	-0.046930	42.629163
0.000000	0.000000	-17.166323	0.023077	-0.015385	-0.051805	0.000000	-0.051805	42.678990
0.000000	0.000000	-17.890739	-0.061538	0.038462	-0.056603	0.000000	-0.056603	42.727625
0.000000	0.000000	-18.904559	-0.023077	-0.023077	-0.060623	0.000000	-0.060623	42.778395
0.000000	0.000000	-18.523754	-0.007692	-0.000000	-0.062990	0.000000	-0.062990	42.827052
0.000000	0.000000	-18.006203	-0.038462	0.023077	-0.063762	0.000000	-0.063762	42.878551
0.000000	0.000000	-16.112052	0.015385	-0.015385	-0.063229	0.000000	-0.063229	42.926064
0.000000	0.000000	-14.880178	0.000000	-0.000000	-0.061654	0.000000	-0.061654	42.975586
0.000000	0.000000	-13.490003	-0.015385	-0.000000	-0.059024	0.000000	-0.059024	43.023929
0.000000	0.000000	-12.172676	-0.015385	0.076923	-0.055452	0.000000	-0.055452	43.073144
0.000000	0.000000	-10.519284	0.023077	-0.000000	-0.051152	0.000000	-0.051152	43.121707
0.000000	0.000000	-8.666101	0.007692	0.007692	-0.040284	0.000000	-0.040284	43.223988
0.000000	0.000000	-4.949299	-0.007692	0.015385	-0.031232	0.000000	-0.031232	43.285511
0.000000	0.000000	-2.442836	-0.046154	-0.015385	-0.024529	0.000000	-0.024529	43.333634
0.000000	0.000000	-0.856095	0.000000	0.030769	-0.016411	0.000000	-0.016411	43.383662
0.000000	0.000000	1.321025	0.000000	0.023077	-0.009777	0.000000	-0.009777	43.432464
0.000000	0.000000	1.878880	0.007692	-0.007692	-0.003244	0.000000	-0.003244	43.482633
0.000000	0.000000	3.076014	-0.007692	0.023077	0.001252	0.000000	0.001252	43.530413
0.000000	0.000000	3.373459	-0.015385	-0.030769	0.004110	0.000000	0.004110	43.581716
0.000000	0.000000	1.879762	0.000000	0.015385	0.006011	0.000000	0.006011	43.631400
0.000000	0.000000	0.828106	0.000000	0.023077	0.006130	0.000000	0.006130	43.682627
0.000000	0.000000	-0.597281	0.007692	-0.015385	0.005081	0.000000	0.005081	43.730736
0.000000	0.000000	-1.801313	-0.030769	-0.030769	0.002601	0.000000	0.002601	43.779553
0.000000	0.000000	-2.708023	0.023077	-0.015385	0.000913	0.000000	0.000913	43.827045
0.000000	0.000000	-3.128326	0.000000	-0.046154	-0.001782	0.000000	-0.001782	43.877713
0.000000	0.000000	-3.627846	0.007692	0.015385	-0.003626	0.000000	-0.003626	43.925580
0.000000	0.000000	-4.621057	-0.023077	-0.038462	-0.007189	0.000000	-0.007189	43.975279
0.000000	0.000000	-5.506197	-0.023077	-0.046154	-0.009809	0.000000	-0.009809	44.025000
0.000000	0.000000	-5.540065	0.007692	-0.000000	-0.013030	0.000000	-0.013030	44.077656
0.000000	0.000000	-6.796621	0.007692	0.023077	-0.015279	0.000000	-0.015279	44.126002
0.000000	0.000000	-7.419807	-0.023077	-0.030769	-0.018180	0.000000	-0.018180	44.175139
0.000000	0.000000	-8.079537	-0.023077	-0.046154	-0.020645	0.000000	-0.020645	44.222737
0.000000	0.000000	-8.287816	-0.015385	0.030769	-0.023075	0.000000	-0.023075	44.271975
0.000000	0.000000	-8.111342	-0.023077	0.007692	-0.025106	0.000000	-0.025106	44.321088
0.000000	0.000000	-8.531507	-0.038462	-0.000000	-0.026728	0.000000	-0.026728	44.372067
0.000000	0.000000	-8.588307	0.007692	-0.030769	-0.028662	0.000000	-0.028662	44.422070
0.000000	0.000000	-8.268435	-0.030769	0.007692	-0.028403	0.000000	-0.028403	44.472173
0.000000	0.000000	-7.638547	0.000000	-0.030769	-0.028344	0.000000	-0.028344	44.521498
0.000000	0.000000	-7.342959	0.038462	0.015385	-0.027706	0.000000	-0.027706	44.570206
0.000000	0.000000	-6.509709	0.015385	0.023077	-0.026555	0.000000	-0.026555	44.619110
0.000000	0.000000	-5.596652	-0.007692	0.007692	-0.024890	0.000000	-0.024890	44.669502
0.000000	0.000000	-4.729814	0.000000	0.030769	-0.023648	0.000000	-0.023648	44.717855
0.000000	0.000000	-4.807682	-0.015385	-0.015385	-0.021576	0.000000	-0.021576	44.766743
